!	0	11
#	11	230
$	241	17
%	258	78
&	336	241
'	577	12
''	589	32
's	621	17
'si	638	1
(	639	443
)	1082	441
*	1523	5
+0	1528	1
+297	1529	1
+5999	1530	1
,	1531	1727
-	3258	59
-109.217	3317	3
-26.217	3320	1
-26.383	3321	1
-26.467	3322	1
-26.5	3323	1
-26.65	3324	1
-26.783	3325	1
-27	3326	1
-27.083	3327	1
-27.15	3328	2
-27.217	3330	1
-27.3	3331	1
-27.5	3332	1
-27.567	3333	1
-28.1	3334	1
-28.133	3335	2
-4	3337	3
-5	3340	1
-52.330278	3341	1
-55.9	3342	1
-56.267	3343	1
-56.3	3344	1
-56.667	3345	1
-56.7	3346	1
-57.083	3347	1
-57.1	3348	1
-57.8	3349	1
-58.417	3350	1
-58.433	3351	1
-58.633	3352	1
-59.05	3353	1
-59.417	3354	1
-59.45	3355	1
-59.467	3356	2
-6	3358	1
-61.583	3359	1
-64.783	3360	1
-68.933	3361	1
-70.017	3362	1
-9	3363	1
-es	3364	1
-hawley	3365	1
-qu	3366	1
.	3367	1506
..	4873	1
...	4874	6
.ai	4880	1
.an	4881	1
.aw	4882	1
.bm	4883	1
.gf	4884	1
.gl	4885	1
.gs	4886	2
.ky	4888	1
.si	4889	1
/	4890	45
/-a	4935	1
/-la	4936	1
//es.wikipedia.org/w/index.php	4937	10
//unstats.un.org/unsd/demographic/products/dyb/dyb2008/table03.pdf	4947	1
//www.rnw.nl/caribiana/article/akkoord-over-bestuurscollege-curaca	4948	1
//www.rnw.nl/caribiana/article/eerste-kabinet-curacao-de-steigers	4949	1
//www.rnw.nl/caribiana/bulletin/eilandsraad-curacao-stemt-voor-staatsregeling	4950	1
0	4951	9
0,000–plus	4960	1
0,026	4961	1
0,2	4962	1
0,4	4963	1
0,64	4964	1
0,77	4965	1
0,790	4966	1
0,8	4967	1
0,802	4968	1
0,927	4969	1
0,98	4970	1
0-14	4971	1
0-9640645-2-0	4972	1
0.1	4973	2
0.2	4975	1
0.3	4976	4
0.4	4980	1
0.5	4981	1
0.7	4982	3
0.890	4985	1
0.895	4986	1
000	4987	12
022	4999	1
03	5000	1
06-09-2010	5001	1
060	5002	1
1	5003	50
1,02	5053	1
1,2	5054	1
1,34	5055	1
1,7	5056	1
1,704	5057	1
1,89	5058	1
1-345	5059	1
1.	5060	1
1.000	5061	1
1.1	5062	3
1.100	5065	3
1.115	5068	1
1.2	5069	2
1.3	5071	1
1.370	5072	1
1.4	5073	1
1.5	5074	1
1.6	5075	2
1.664,8176	5077	1
1.755.637	5078	1
1.79:1	5079	1
1.813	5080	1
1/04/2010	5081	1
10	5082	33
10,000	5115	2
10.000	5117	1
10.056	5118	1
10.1	5119	1
10.118	5120	1
10.2	5121	1
10.3	5122	3
10.433	5125	1
10.7	5126	1
100	5127	4
100.000	5131	1
100.3	5132	1
1001	5133	1
101.484	5134	1
102	5135	1
104	5136	1
106	5137	1
109°13′o	5138	3
10°18′n	5141	3
11	5144	21
11,66	5165	1
11,9	5166	1
11.09.2012	5167	1
11.266	5168	1
11.300	5169	1
11.5	5170	1
11.518	5171	1
110	5172	1
110.000	5173	1
112.º	5174	1
113	5175	1
114	5176	1
115	5177	1
115.500	5178	1
116.0	5179	1
11º	5180	1
12	5181	13
12,8	5194	1
12,88	5195	1
12.024	5196	1
12.117	5197	1
12.131	5198	1
12.317	5199	1
12.326	5200	1
12.400	5201	1
12.6	5202	1
12.870	5203	1
122	5204	1
123	5205	1
1241	5206	1
125	5207	1
1261	5208	1
1264	5209	1
129.0	5210	1
12:30	5211	1
12°19′n	5212	1
12°33′	5213	1
12°7′n	5214	1
13	5215	8
13,477	5223	1
13-09-2006	5224	1
13.976	5225	1
13.º	5226	1
132.847	5227	2
136	5229	1
136.100	5230	1
136.4	5231	2
1370	5233	1
138.894	5234	1
139.5	5235	1
1390	5236	2
14	5238	18
14.2	5256	1
14.224	5257	1
14.318	5258	1
140.794	5259	3
141.765	5262	1
142.180	5263	1
142.6	5264	1
143	5265	1
1438	5266	1
144	5267	1
1441	5268	1
145	5269	1
1467	5270	1
1493	5271	4
1499	5275	3
15	5278	28
15-07-2012	5306	1
15-64	5307	2
15.300	5309	1
15.469	5310	1
150	5311	2
1500	5313	1
1503	5314	1
1505	5315	1
151	5316	1
1511	5317	1
1525	5318	1
157	5319	1
158	5320	1
1586	5321	1
1588	5322	1
1595	5323	3
16	5326	11
16-17	5337	1
16.25	5338	1
16.944	5339	1
160	5340	231
1604	5571	1
1609	5572	3
1610	5575	1
1612	5576	2
1615	5578	1
1616	5579	1
1620	5580	2
1620-1815	5582	1
1621	5583	1
163	5584	1
1634	5585	1
1635	5586	1
1636	5587	1
1642	5588	1
1643	5589	1
1648	5590	1
1649	5591	1
165	5592	1
1650	5593	2
1651	5595	1
1655-1660	5596	1
1664	5597	1
1670	5598	1
1674	5599	1
1675	5600	1
1675.»	5601	1
1678	5602	1
1684	5603	1
1685	5604	2
1690	5606	1
16°15′n	5607	1
16º	5608	1
17	5609	10
1705	5619	1
171.0	5620	1
1711	5621	1
1711-1821	5622	2
1717	5624	1
1721	5625	1
1725	5626	2
1759	5628	1
176.º	5629	1
1763	5630	2
1772	5632	1
1775	5633	6
1777	5639	3
178,91	5642	1
1788	5643	1
1790	5644	1
1794	5645	2
1797	5647	1
18	5648	9
18,9	5657	1
1800	5658	1
1802	5659	1
1803	5660	1
1805	5661	1
1806	5662	1
1807	5663	1
181.º	5664	1
1810	5665	1
1812	5666	1
1813	5667	1
1814	5668	3
1816	5671	3
1819	5674	1
1821	5675	1
1821-1858	5676	2
1824	5678	1
1825	5679	1
1828	5680	1
1839	5681	1
1848	5682	3
1852	5685	1
1856	5686	1
1857	5687	2
1858	5689	2
1858-1898	5691	2
1863	5693	2
187.º	5695	1
1871	5696	1
188	5697	1
1883	5698	1
1885	5699	1
1891	5700	2
1897	5702	2
1898	5704	1
18°	5705	1
19	5706	13
19,0	5719	1
19.3	5720	1
19.6	5721	2
190	5723	1
1904	5724	1
1906	5725	1
1906-1917	5726	2
1908	5728	2
1908-1913	5730	1
1909	5731	1
1910	5732	1
1914	5733	4
1915	5737	2
1916	5739	1
1917	5740	6
192.2	5746	1
192.º	5747	2
1924	5749	1
1925	5750	1
1927	5751	2
193	5753	2
1930	5755	5
1931	5760	1
1933	5761	1
1934	5762	1
1936	5763	1
1938	5764	3
1941	5767	1
1944	5768	2
1945	5770	2
1946	5772	5
1946-1961	5777	1
1948	5778	1
1949	5779	1
1950	5780	2
1951	5782	1
1953	5783	2
1954	5785	3
1955	5788	4
1956	5792	1
1958	5793	2
1960	5795	1
1960-dec	5796	1
1961	5797	3
1962	5800	4
1962-1979	5804	1
1963	5805	1
1965	5806	1
1966	5807	1
1967	5808	4
1968	5812	1
1969	5813	2
197	5815	2
1970	5817	4
1971	5821	1
1973	5822	2
1974	5824	1
1975	5825	1
1976	5826	2
1977	5828	2
1978	5830	1
1979	5831	3
1980	5834	3
1980-1985	5837	1
1981	5838	1
1982	5839	9
1984	5848	1
1985	5849	5
1986	5854	7
1989	5861	4
1990	5865	7
1991	5872	2
1991-2004	5874	1
1992	5875	4
1993	5879	5
1994	5884	1
1995	5885	7
1996	5892	2
1997	5894	1
1999	5895	3
19°20	5898	1
1:200000	5899	1
2	5900	33
2,166,086	5933	1
2,200	5934	1
2,25	5935	1
2,45	5936	1
2,5	5937	2
2.000	5939	1
2.003	5940	1
2.006	5941	1
2.008	5942	1
2.009	5943	1
2.011	5944	1
2.1	5945	4
2.166.086	5949	1
2.2	5950	3
2.3	5953	1
2.400	5954	1
2.402.058	5955	1
2.500	5956	1
2.8	5957	2
2.850.000	5959	1
2.879	5960	1
20	5961	19
20,49	5980	1
20,64	5981	1
20.000	5982	1
20.3	5983	2
20.6	5985	1
200	5986	2
2000	5988	11
2001	5999	10
2002	6009	8
2003	6017	10
2004	6027	2
2005	6029	17
2006	6046	9
2007	6055	23
2008	6078	19
2009	6097	19
2009.quinn	6116	1
2010	6117	41
2010-09-24	6158	1
2010estim	6159	1
2011	6160	6
2012	6166	20
2012-03-04.	6186	1
207.7	6187	1
208	6188	2
21	6190	13
21.1	6203	1
21.17	6204	1
21.3	6205	1
21.495	6206	1
21.6	6207	1
21.9	6208	1
2100	6209	1
212	6210	1
212.5	6211	1
212.º	6212	1
213	6213	1
216.º	6214	1
21:51	6215	1
22	6216	15
22.2	6231	1
22.4	6232	1
22.422	6233	1
22.6	6234	1
22.828	6235	1
22/08/2007	6236	1
221.º	6237	2
2225.4	6239	1
225	6240	1
228.º	6241	1
23	6242	23
23,19	6265	1
23-06-2008	6266	2
23.9	6268	1
231	6269	1
232.5	6270	1
233.º	6271	1
234.0	6272	1
236.2	6273	1
239	6274	1
23º	6275	1
24	6276	6
24.3	6282	1
24.4	6283	1
24.8	6284	2
240	6286	1
240.8	6287	1
245.5	6288	1
246.3	6289	1
247.4	6290	1
25	6291	21
25.5	6312	2
25.6	6314	2
25.700	6316	1
25/02/2010	6317	1
2500	6318	1
251	6319	1
254	6320	1
255	6321	1
257.9	6322	1
258.4	6323	1
25a	6324	1
26	6325	22
26.1	6347	1
26.11.2008	6348	1
26.2	6349	1
26.3	6350	2
26.4	6352	1
26.5	6353	2
26.6	6355	1
260	6356	4
261.0	6360	1
261.4	6361	1
266.6	6362	2
26°13′o	6364	1
26°23′o	6365	1
26°28′o	6366	1
26°30′o	6367	1
26°39′o	6368	1
26°47′o	6369	1
27	6370	21
27,76	6391	1
27.1	6392	2
27.500	6394	1
27.6	6395	1
27.8	6396	1
270.8	6397	1
274	6398	1
279	6399	1
27°05′o	6400	1
27°09′o	6401	2
27°13′o	6403	1
27°18′o	6404	1
27°30′o	6405	1
27°34′o	6406	1
28	6407	25
28.2	6432	1
28.4	6433	1
28.5	6434	2
28.7	6436	1
28.9	6437	1
287.5	6438	1
28°06′o	6439	1
28°08′o	6440	2
29	6442	16
29.0	6458	1
29.7	6459	1
290	6460	1
295.7	6461	1
299	6462	1
299,20	6463	1
2º	6464	1
3	6465	36
3,2	6501	1
3.0	6502	10
3.093	6512	1
3.1	6513	3
3.2	6516	3
3.378	6519	1
3.5	6520	1
3.792.094	6521	1
30	6522	18
30.1	6540	1
30.5	6541	1
300	6542	6
300.000	6548	1
3000	6549	2
304	6551	1
306,53	6552	1
309	6553	1
31	6554	11
31.1	6565	2
31.2	6567	1
31.6	6568	1
31.9	6569	2
310	6571	1
3114.5	6572	1
312,82	6573	1
3161	6574	1
3166-2	6575	6
317	6581	1
317,10	6582	1
319,29	6583	1
32	6584	4
32.3	6588	1
32.4	6589	1
32.500	6590	1
32.6	6591	1
32.8	6592	1
320	6593	2
320,22	6595	1
320.000	6596	1
3220	6597	1
32°	6598	1
32°18′n	6599	1
33	6600	7
33.2	6607	2
33.3	6609	1
330	6610	1
34	6611	4
34,1	6615	2
34,62	6617	1
34.7	6618	1
35	6619	4
35.000	6623	1
35.6	6624	1
35.8	6625	1
3528	6626	1
36	6627	9
365	6636	1
37.4	6637	1
37.5	6638	1
3744	6639	1
375	6640	1
3756	6641	2
37º	6643	1
38,3	6644	1
38.3	6645	2
390	6647	1
392	6648	1
3:30	6649	1
4	6650	31
4,1	6681	1
4,3	6682	1
4.0	6683	1
4.000	6684	1
4.1	6685	4
4.2	6689	3
4.3	6692	2
4.4	6694	1
4.406	6695	1
4.5	6696	1
4.6	6697	2
4.7	6699	2
4.850	6701	1
4.934722	6702	1
4/5/2008»	6703	1
40	6704	9
40.000	6713	1
40.2	6714	1
40.4	6715	1
41	6716	1
41,04	6717	1
41.5	6718	1
410.449	6719	1
42	6720	2
423	6722	2
425.700	6724	1
43	6725	1
430	6726	1
431	6727	1
432	6728	1
44	6729	1
44.7	6730	1
444	6731	2
457	6733	1
46	6734	2
4658	6736	1
47	6737	1
48.6	6738	1
480	6739	1
499	6740	1
4to	6741	1
4°56′5″n	6742	1
5	6743	33
5,1	6776	1
5,3	6777	1
5,715	6778	1
5,8	6779	1
5.000	6780	1
5.1	6781	6
5.2	6787	2
5.3	6789	1
5.300	6790	1
5.304	6791	1
5.462	6792	1
5.7	6793	1
5.730	6794	1
5.8	6795	2
50	6797	4
50.000	6801	1
500	6802	3
505	6805	1
51°	6806	1
52	6807	1
52.000	6808	1
520	6809	1
52°19′49″o	6810	1
53	6811	1
53.2	6812	1
53.3	6813	1
531	6814	1
533	6815	1
54,8	6816	2
54.878	6818	1
54º30	6819	1
55	6820	1
55-1052	6821	1
550	6822	2
5532	6824	1
554.4	6825	1
55°54′s	6826	1
56,840	6827	1
56.000	6828	2
561	6830	1
56°16′s	6831	1
56°18′s	6832	1
56°40′s	6833	1
56°42′s	6834	1
570	6835	1
5700	6836	1
57°05′s	6837	1
57°06′s	6838	1
57°48′s	6839	1
58	6840	1
588	6841	1
58°25′s	6842	1
58°26′s	6843	1
58°38′s	6844	1
590	6845	1
594	6846	1
59°03′s	6847	1
59°25′s	6848	1
59°27′s	6849	1
59°28′s	6850	2
59ºn	6852	1
5to	6853	1
6	6854	33
6,4	6887	1
6.1	6888	4
6.154	6892	1
6.177	6893	1
6.189	6894	1
6.2	6895	2
6.3	6897	2
6.4	6899	2
60	6901	6
600	6907	2
600mm	6909	1
610	6910	1
61°35′o	6911	1
61º	6912	1
633	6913	1
635.600	6914	1
637	6915	1
63°	6916	1
64°	6917	2
64°47′o	6919	1
65	6920	4
65.265	6924	1
65.365	6925	1
65.º	6926	1
66.3	6927	1
66.687	6928	1
660	6929	1
660.000	6930	1
67,837	6931	1
678	6932	1
68°56′o	6933	1
69,000	6934	1
69,2	6935	1
69.9	6936	1
69.º	6937	1
7	6938	25
7,63	6963	1
7.0	6964	1
7.1	6965	5
7.2	6970	2
7.273	6972	1
7.3	6973	3
7.4	6976	1
7.6	6977	2
7.7	6979	2
70	6981	3
7000	6984	1
70°06′	6985	1
70°1′o	6986	1
71	6987	1
710	6988	1
727	6989	1
73	6990	1
737	6991	1
74º	6992	1
75	6993	2
75,7	6995	1
757	6996	1
76.1	6997	1
76.7	6998	1
766	6999	1
77	7000	1
77,79	7001	1
77.1	7002	1
77.2	7003	2
77.3	7005	1
77.4	7006	1
77.5	7007	1
77.7	7008	1
77.8	7009	1
78.9	7010	1
79	7011	1
79,91	7012	1
79.6	7013	1
7:00	7014	1
7th	7015	1
8	7016	20
8,1	7036	1
8,53	7037	1
8.1	7038	4
8.2	7042	3
8.2.1	7045	1
8.206	7046	1
8.3	7047	1
8.6	7048	1
8.600	7049	1
8.779	7050	1
80	7051	6
80,8	7057	1
805	7058	1
81	7059	1
81.1	7060	1
81°	7061	1
830	7062	1
8300	7063	1
8325	7064	1
84	7065	1
84.264	7066	1
84.7	7067	1
848	7068	1
84ºn	7069	1
85	7070	1
851	7071	1
863	7072	1
87	7073	2
88	7075	1
88.9	7076	1
898	7077	1
9	7078	23
9,29	7101	1
9,3	7102	1
9,64	7103	1
9.037	7104	1
9.1	7105	1
9.587	7106	1
9.9	7107	1
9.996	7108	1
90	7109	2
90.506	7111	1
900mm	7112	1
915	7113	1
92	7114	2
940	7116	1
946	7117	1
95.1	7118	1
95.7	7119	1
950	7120	1
96.7	7121	1
97.9	7122	1
970	7123	1
972.000	7124	1
978-84-08-08683-3	7125	1
982	7126	3
986	7129	1
99	7130	2
99.8	7132	1
990	7133	1
:	7134	254
;	7388	303
=	7691	1
?	7692	12
[	7704	110
]	7814	110
``	7924	34
a	7958	438
a.	8396	3
a.c.	8399	1
a.j	8400	1
a.m.	8401	2
aasiaat	8403	1
abandon	8404	11
abarc	8415	3
abastec	8418	2
abc	8420	1
abiert	8421	3
abog	8424	2
abol	8426	4
abord	8430	1
about	8431	2
abr	8433	4
abri	8437	2
abril	8439	11
abrir	8450	4
abrupt	8454	1
absolut	8455	1
absorb	8456	1
abund	8457	5
abw	8462	1
aca	8463	10
academ	8473	2
academi	8475	2
acantil	8477	1
acapulc	8478	3
acces	8481	2
access	8483	2
accident	8485	1
accion	8486	4
accountability	8490	1
aceit	8491	1
aceler	8492	2
acept	8494	2
acerc	8496	14
acid	8510	1
aclaratori	8511	1
acog	8512	2
acord	8514	1
acredit	8515	3
acta	8518	3
activ	8521	17
actos	8538	1
actu	8539	1
actuacion	8540	1
actual	8541	32
actualiz	8573	11
acuari	8584	1
acud	8585	1
acuerd	8586	13
acuñ	8599	1
ademas	8600	19
adentr	8619	1
adicional	8620	11
administr	8631	38
admit	8669	1
adopcion	8670	1
adopt	8671	2
adp	8673	1
adquir	8674	3
adscripcion	8677	1
aduan	8678	1
aduaner	8679	1
adult	8680	1
advent	8681	2
adventuring	8683	1
adyacent	8684	2
aec	8686	2
aer	8688	1
aere	8689	5
aerodrom	8694	1
aerolin	8695	1
aeroline	8696	3
aeronaveg	8699	1
aeroportuari	8700	1
aeropuert	8701	20
afect	8721	1
affiliat	8722	1
afili	8723	1
afirm	8724	2
afluj	8726	1
afric	8727	3
african	8730	12
africanos-europe	8742	1
afroascendient	8743	1
afrocaribeñ	8744	1
agenci	8745	1
agent	8746	2
ago	8748	4
agost	8752	12
agot	8764	1
agreg	8765	2
agricol	8767	5
agricultur	8772	6
agrup	8778	1
agu	8779	28
ahi	8807	1
ahor	8808	5
ahorr	8813	1
ai	8814	1
aia	8815	1
air	8816	8
airport	8824	1
airways	8825	3
aislamient	8828	1
al	8829	125
alan	8954	1
alarg	8955	3
alberg	8958	9
alcald	8967	1
alcanz	8968	6
aleg	8974	1
alej	8975	2
aleman	8977	2
alemani	8979	4
alfagu	8983	1
alfred	8984	2
algid	8986	1
algodon	8987	1
algun	8988	14
ali	9002	2
alianz	9004	3
alici	9007	1
aliment	9008	4
alin	9012	1
alisi	9013	2
alist	9015	1
alivi	9016	1
all	9017	1
alla	9018	1
alli	9019	2
allègre	9021	1
almir	9022	7
almirantazg	9029	1
alo	9030	1
aloj	9031	1
along	9032	1
alons	9033	1
alquim	9034	1
alrededor	9035	10
alt	9045	1
alta	9046	4
altas	9050	1
altermundial	9051	1
altern	9052	1
althing	9053	1
altitud	9054	1
alto	9055	12
altos	9067	2
altur	9069	4
alumn	9073	2
alvarez	9075	5
am	9080	2
amarill	9082	1
amateur	9083	1
ambas	9084	3
ambiental	9087	2
ambos	9089	6
amenaz	9095	1
amer	9096	21
americ	9117	2
american	9119	8
amerindi	9127	4
amigo	9131	2
amigoe.com	9133	1
aml	9134	1
amp	9135	11
ampli	9146	4
ampliacion	9150	2
ampues	9152	2
amstel	9154	1
amsterdam-schiphol	9155	1
ana	9156	2
anal	9158	1
analisis	9159	2
and	9161	18
andes	9179	1
andrew	9180	1
andromed	9181	1
andruw	9182	1
anex	9183	2
anexion	9185	1
angler	9186	1
anglican	9187	3
anglo-español	9190	1
anglosajon	9191	1
anguil	9192	66
anguila_	9258	1
anguilens	9259	1
anguill	9260	21
anguilli	9281	1
anguillit	9282	1
angul	9283	1
anill	9284	1
anim	9285	10
animal	9295	2
annenkov	9297	1
ansa	9298	1
antarct	9299	1
antarctic	9300	3
antarctiqu	9303	1
antart	9304	5
antartand	9309	1
ante	9310	1
antecedent	9311	2
anterior	9313	3
antes	9316	13
anthony	9329	1
anti-lav	9330	1
antigu	9331	20
antill	9351	43
antillan	9394	1
antilliaans	9395	1
antilliaansdagblad.com	9396	1
antoin	9397	2
antoni	9399	2
antony	9401	1
anual	9402	10
anul	9412	2
août	9414	1
aparec	9415	4
aparent	9419	2
aparezc	9421	2
apart	9423	1
apell	9424	2
apen	9426	5
apertur	9431	1
apil	9432	1
aplic	9433	15
apm	9448	1
apoder	9449	1
aport	9450	1
apoy	9451	5
app	9456	1
appleby	9457	1
apreci	9458	1
aprob	9459	17
aprovech	9476	1
aproxim	9477	11
aqu	9488	12
aquell	9500	1
arahuac	9501	6
arancel	9507	1
arashi	9508	1
arawac	9509	1
arawak	9510	4
arbitraj	9514	1
arbol	9515	1
archipielag	9516	28
archiv	9544	5
arco	9549	1
arco’	9550	2
ardient	9552	1
are	9553	18
aren	9571	3
argeli	9574	1
argentin	9575	24
argentino/stanley	9599	1
arguz	9600	1
ari	9601	1
arianespac	9602	2
arid	9604	1
arikok	9605	1
armad	9606	3
arnaud	9609	12
arnold	9621	2
arqueolog	9623	3
arras	9626	1
arrecif	9627	6
arrest	9633	1
arrib	9634	1
arriend	9635	1
arroz	9636	1
arruin	9637	1
art	9638	1
artesan	9639	1
artic	9640	6
articul	9646	92
artificial	9738	1
artist	9739	4
arub	9743	84
aruban	9827	2
arubeñ	9829	8
arubus	9837	1
asamble	9838	12
ascend	9850	1
ascendent	9851	3
ascens	9854	1
ascension	9855	3
asciend	9858	1
asedi	9859	2
asegur	9861	2
asent	9863	6
asesin	9869	2
asesinat	9871	2
asesor	9873	1
asi	9874	14
asiat	9888	1
asient	9889	3
asign	9892	2
asil	9894	1
asim	9895	7
asistent	9902	2
asoci	9904	9
aspir	9913	3
association	9916	2
astiller	9918	5
astiz	9923	1
asum	9924	2
asunt	9926	8
atac	9934	2
ataqatigiit	9936	1
ataqu	9937	2
atavi	9939	1
ate	9940	1
atencion	9941	2
atend	9943	1
aterriz	9944	1
atestigu	9945	1
athletic	9946	1
atlant	9947	18
atlantic	9965	1
atlas	9966	7
atlet	9973	1
atolon	9974	9
atp	9983	1
atra	9984	3
atrac	9987	3
atraccion	9990	2
atraid	9992	1
atribu	9993	12
attac	10005	1
atu	10006	1
atun	10007	2
auditor	10009	1
auf	10010	1
aug	10011	1
august	10012	1
aum	10013	1
aument	10014	2
aun	10016	3
aunqu	10019	17
auror	10036	2
aurum	10038	1
ausenci	10039	1
austral	10040	2
australi	10042	3
austri	10045	1
autobus	10046	1
autodetermin	10047	1
autogobiern	10048	4
automovil	10052	1
autonom	10053	35
autonoom	10088	1
autoproclam	10089	1
autor	10090	13
autoriz	10103	2
avanna	10105	1
avanz	10106	2
avel	10108	1
aventur	10109	1
averag	10110	2
aves	10112	4
aviacion	10116	1
avion	10117	7
avis	10124	14
avist	10138	1
aw	10139	1
awg	10140	1
axa	10141	1
ayo	10142	1
ayud	10143	19
azor	10162	3
azot	10165	1
azuc	10166	3
añad	10169	2
año	10171	45
años	10216	41
b	10257	6
b-sat	10263	1
baby	10264	1
babylon	10265	1
baffin	10266	2
bah	10268	7
baham	10275	1
bailarin	10276	1
baj	10277	62
bal	10339	1
balandr	10340	2
balashi	10342	1
ballen	10343	3
ballener	10346	4
balonman	10350	2
bals	10352	1
baltimor	10353	2
banc	10355	12
bancari	10367	4
bander	10371	12
bank	10383	1
banquis	10384	4
barack	10388	1
barbud	10389	1
barc	10390	25
barcader	10415	1
barcelon	10416	1
barlovent	10417	5
barral	10422	1
barril	10423	1
bartolom	10424	4
bas	10428	45
basic	10473	2
basilisk	10475	1
basse-terr	10476	5
bastant	10481	2
basurer	10483	1
batall	10484	1
batat	10485	2
bautist	10487	2
bautiz	10489	3
bay	10492	3
bay»	10495	1
bañ	10496	1
bbc	10497	3
bcb	10500	8
beach	10508	4
beatriz	10512	5
beb	10517	1
bec	10518	1
befolkning	10519	1
beisbol	10520	6
belic	10526	2
belind	10528	2
bell	10530	3
bellevu	10533	1
bellingshaus	10534	4
belov	10538	1
benedict	10539	1
benef	10540	1
benefici	10541	3
benton	10544	1
berg	10545	1
bergu	10546	1
berlin	10547	1
bermud	10548	123
bermudens	10671	2
bermudez	10673	3
bermudeñ	10676	2
bermudian	10678	1
bernud	10679	1
betic	10680	1
betri	10681	1
bfa	10682	1
bibliograf	10683	3
bibliotec	10686	1
bicameral	10687	1
bien	10688	8
bienven	10696	1
bilateral	10697	1
bilingü	10698	1
bill	10699	1
biolog	10700	1
bird	10701	3
birdsey	10704	1
birthday	10705	2
blanc	10707	7
blanque	10714	1
blatt	10715	1
blazers	10716	1
bless	10717	1
bloqu	10718	2
bloque	10720	1
blowing	10721	3
bluebirds	10724	1
bluff	10725	2
bm	10727	2
bmd	10729	1
bmu	10730	1
board	10731	2
boaz	10733	2
bob	10735	2
bobby	10737	1
boc	10738	1
bocag	10739	2
bodd	10741	1
boddentown	10742	1
boeing	10743	3
boicot	10746	1
bok	10747	2
boliv	10749	1
bolletin	10750	1
bonair	10751	6
bonapart	10757	1
boney	10758	1
bord	10759	4
borde	10763	1
borel-lincertin	10764	1
bosqu	10765	3
boston	10768	1
bot	10769	1
bould	10770	1
boulevard	10771	1
bourg	10772	1
boxing	10773	3
bp/d	10776	1
brac	10777	12
brasil	10789	7
brasileñ	10796	2
bray	10798	1
braz	10799	2
bresiliens	10801	1
bretañ	10802	2
brev	10804	1
brevement	10805	1
brews	10806	1
bri	10807	1
bridg	10808	1
brind	10809	1
bringing	10810	1
brion	10811	3
bristol	10814	2
britan	10816	51
britannic	10867	1
british	10868	5
brown	10873	2
brujul	10875	2
brut	10877	2
brønlund	10879	1
buce	10880	4
buen	10884	4
bufet	10888	1
buj	10889	1
buon	10890	1
buqu	10891	14
burland	10905	1
bursatiliz	10906	1
busc	10907	7
bush	10914	1
bushiriban	10915	1
busqued	10916	23
buz	10939	2
bvn	10941	2
bvn.nl	10943	1
by	10944	3
byrd	10947	2
c	10949	5
c.	10954	2
c.i	10956	1
cab	10957	8
cabr	10965	2
cad	10967	15
cadel	10982	1
cadet	10983	1
caer	10984	1
caf	10985	2
caiman	10987	121
caimanes	11108	1
caj	11109	3
cal	11112	2
calcare	11114	2
calcul	11116	2
cald	11118	1
calid	11119	4
californi	11123	1
call	11124	2
calm	11126	1
calvin	11127	1
calyps	11128	2
cam	11130	10
camani	11140	1
camaron	11141	2
camb	11143	2
cambi	11145	11
cambiant	11156	1
cambridg	11157	1
camin	11158	5
camp	11163	7
campament	11170	1
campeon	11171	1
campus	11172	1
canad	11173	1
canadiens	11174	3
canal	11177	4
canaliz	11181	1
canari	11182	9
cancion	11191	1
candelari	11192	3
candlem	11195	3
cangrej	11198	3
cano	11201	2
cant	11203	1
cantant	11204	1
cantid	11205	8
canton	11213	2
cap	11215	3
capac	11218	5
capaz	11223	3
capesterr	11226	1
capill	11227	1
capit	11228	8
capital	11236	38
capitan	11274	10
capt	11284	2
captain	11286	1
captur	11287	3
caqueti	11290	1
car	11291	2
carabel	11293	1
carac	11294	4
caracol	11298	1
caract	11299	1
caracterist	11300	1
caracteriz	11301	2
caraïbisch	11303	1
carbet	11304	1
cardenal	11305	1
cardiac	11306	2
carec	11308	2
carg	11310	12
carib	11322	35
caribb	11357	3
caribe-est	11360	1
caribeñ	11361	4
caricom	11365	4
carid	11369	1
carl	11370	1
carn	11371	3
carnaval	11374	2
carnival	11376	1
carolin	11377	2
carrer	11379	3
carreter	11382	6
cart	11388	6
carter	11394	2
cas	11396	10
casc	11406	1
casi	11407	11
casibari	11418	1
casquet	11419	1
castellan	11420	3
castill	11423	1
categor	11424	10
cateteriz	11434	2
catol	11436	7
caus	11443	2
cautiv	11445	1
cav	11446	4
cavern	11450	1
cay	11451	3
caycompass.com	11454	1
cayen	11455	8
cayenn	11463	3
caym	11466	21
caz	11487	6
cañ	11493	3
cañam	11496	1
cdpedi	11497	20
ce	11517	2
ced	11519	1
cedr	11520	4
cedul	11524	1
celebr	11525	12
cementeri	11537	2
cens	11539	19
census	11558	1
centr	11559	23
central	11582	7
centripet	11589	1
cerc	11590	9
cercan	11599	9
cerd	11608	3
cerr	11611	2
certific	11613	1
ces	11614	1
chabay	11615	1
chairm	11616	1
channel	11617	2
chapel	11619	1
charl	11620	1
charlott	11621	1
chart	11622	3
chassiron	11625	1
cheque	11626	2
chesapeak	11628	1
chesley	11629	1
chicag	11630	1
chin	11631	1
chipr	11632	1
choqu	11633	1
chrissi	11634	2
christm	11636	1
christoffelberg	11637	1
chronicl	11638	2
churandy	11640	1
ci	11641	1
cia	11642	6
ciclon	11648	1
cicsc	11649	1
cieg	11650	1
ciel	11651	1
cienci	11652	1
cient	11653	2
cientif	11655	9
cierr	11664	2
ciert	11666	7
cifr	11673	3
cifs	11676	1
cim	11677	3
cin	11680	1
cinc	11681	11
cinic	11692	1
circul	11693	5
circunferent	11698	1
cirug	11699	1
cistern	11700	2
cit	11702	2
citric	11704	1
city	11705	3
ciu	11708	1
ciud	11709	10
ciudad	11719	7
ciudadan	11726	9
civil	11735	10
civiliz	11745	1
clairon	11746	1
clam	11747	1
clar	11748	2
clas	11750	3
clasic	11753	1
class	11754	1
clausul	11755	10
clausur	11765	1
clav	11766	2
clayton	11768	1
clerk	11769	1
cleveland	11770	2
client	11772	2
clim	11774	23
climat	11797	8
climatetemp.inf	11805	1
climatological	11806	1
climax	11807	1
clinic	11808	1
clip	11809	3
clipperton	11812	37
club	11849	17
cm	11866	4
co-ubic	11870	1
coalicion	11871	1
coat	11872	1
cobertur	11873	4
cobr	11877	3
coc	11880	3
coch	11883	1
cocoter	11884	1
cod	11885	1
codig	11886	2
cohet	11888	1
coincid	11889	1
col	11890	1
coleccion	11891	4
colect	11895	6
colegi	11901	7
colin	11908	1
colleg	11909	4
collins	11913	1
coloc	11914	3
colombi	11917	5
colombo-antillan	11922	1
colon	11923	20
coloni	11943	30
colonial	11973	5
coloniz	11978	18
color	11996	6
colts	12002	3
com	12005	135
comand	12140	5
combat	12145	1
combin	12146	1
combust	12147	3
comentari	12150	1
comenz	12151	11
comerci	12162	10
comercial	12172	7
comet	12179	2
cometasd	12181	1
comienz	12182	2
comisari	12184	2
comision	12186	9
comit	12195	5
command	12200	2
commons	12202	28
community	12230	2
compagni	12232	2
company	12234	3
compar	12237	2
compart	12239	11
compass	12250	2
compat	12252	3
compañ	12255	26
competent	12281	5
competicion	12286	1
compit	12287	2
complet	12289	4
compon	12293	4
component	12297	1
composicion	12298	1
compositor	12299	1
compr	12300	2
comprador	12302	1
comprend	12303	7
comprension	12310	1
compromet	12311	1
compuest	12312	6
comun	12318	20
con	12338	195
conced	12533	9
concentr	12542	5
concept	12547	1
concesion	12548	1
concret	12549	3
cond	12552	1
condicion	12553	4
conditions	12557	1
conduc	12558	1
conect	12559	3
conexion	12562	10
conf	12572	2
confeder	12574	2
conferent	12576	1
confiabl	12577	1
confianz	12578	1
confirm	12579	1
conflict	12580	1
conform	12581	8
congres	12589	1
conjunt	12590	1
conmemor	12591	1
conoc	12592	15
conquist	12607	3
cons	12610	3
consagr	12613	1
consecuent	12614	4
consegu	12618	1
conseil	12619	3
consej	12622	19
consejer	12641	1
conserv	12642	4
consider	12646	10
consigu	12656	2
consist	12658	1
consol	12659	1
constanci	12660	1
constant	12661	6
constat	12667	1
constitu	12668	20
constitucional	12688	3
constitution	12691	1
constru	12692	6
construccion	12698	6
consul	12704	2
consult	12706	35
consum	12741	4
cont	12745	6
contabil	12751	1
contabl	12752	1
contact	12753	1
conten	12754	22
contendient	12776	1
contenedor	12777	1
continent	12778	8
continental	12786	4
continu	12790	13
contr	12803	8
contraccion	12811	3
contramaestr	12814	1
contrari	12815	2
contrat	12817	3
contribu	12820	12
contrinc	12832	1
control	12833	11
controversi	12844	1
convenc	12845	2
convenient	12847	2
convert	12849	14
convict	12863	1
conviert	12864	2
convirt	12866	11
conviv	12877	1
convoc	12878	3
cook	12881	12
coop	12893	1
cooperation	12894	1
coorden	12895	11
coordin	12906	1
coordinat	12907	1
cop	12908	3
copenhag	12911	1
copi	12912	1
cor	12913	1
coral	12914	2
coralin	12916	5
corazon	12921	1
corbet	12922	1
cordiller	12923	1
cordon	12924	1
coron	12925	6
coronel	12931	1
corpor	12932	2
corral	12934	1
corre	12935	1
correct	12936	10
corredor	12946	1
correspond	12947	3
corrient	12950	9
cors	12959	1
cort	12960	7
cortez	12967	1
cos	12968	3
cost	12971	35
coster	13006	4
costumbr	13010	1
cot	13011	1
cotej	13012	1
cotidian	13013	1
cougars	13014	1
cousteau	13015	1
cox	13016	1
cpi	13017	1
cre	13018	14
creacion	13032	2
creativ	13034	11
crec	13045	5
crecient	13050	2
crecimient	13052	6
creek	13058	1
creol	13059	4
crey	13063	1
cricket	13064	3
criminal	13067	1
crioll	13068	3
criquet	13071	13
crisis	13084	3
crist	13087	1
cristalin	13088	1
cristian	13089	4
cristianiz	13093	1
cristobal	13094	13
cristobal-nevis-anguil	13107	1
criteri	13108	1
cro	13109	1
cronic	13110	2
cronin	13112	1
cronist	13113	1
cronolog	13114	2
crucer	13116	3
crud	13119	1
cruis	13120	1
cruiseships	13121	1
cruz	13122	4
ct	13126	1
cuadr	13127	3
cual	13130	40
cualific	13170	1
cualqu	13171	1
cualqui	13172	3
cuand	13175	19
cuant	13194	4
cuantific	13198	1
cuart	13199	1
cuatr	13200	9
cub	13209	4
cubic	13213	1
cubiert	13214	9
cubr	13223	4
cuenc	13227	1
cuent	13228	20
cuerp	13248	4
cuestion	13252	3
cuev	13255	1
cull	13256	1
cultiv	13257	2
cultur	13259	27
cultural	13286	2
cumbr	13288	1
cumpl	13289	1
cumpleañ	13290	2
cumplimient	13292	3
cuot	13295	1
cup	13296	2
cur	13298	5
curaca	13303	2
curacaochronicle.com	13305	1
curacion	13306	1
curasa	13307	3
curaza	13310	76
curazaleñ	13386	1
curazoleñ	13387	4
curazoleño-venezolan	13391	1
curaça	13392	19
curaçã	13411	1
currency	13412	1
curry	13413	1
curs	13414	2
cuw	13416	1
cuy	13417	5
cvo	13422	1
cw	13423	1
cym	13424	1
d	13425	2
d'ameriqu	13427	1
d.c.	13428	2
da	13430	6
dab	13436	1
dad	13437	6
dagbl	13443	2
dampi	13445	1
dan	13446	2
dand	13448	2
dandol	13450	1
dandy	13451	1
danes	13452	20
danz	13472	2
dar	13474	4
darnley	13478	1
darrell	13479	1
dat	13480	8
dav	13488	5
davids	13493	1
davis	13494	1
day	13495	16
dañ	13511	3
dc	13514	2
de	13516	2716
deb	16232	31
debaj	16263	1
debat	16264	1
dec	16265	12
decapit	16277	1
deceni	16278	1
decid	16279	8
decimoctav	16287	1
decision	16288	1
declar	16289	6
decouvert	16295	1
decret	16296	4
dedic	16300	2
defens	16302	9
deficit	16311	1
defin	16312	1
definicion	16313	3
deforest	16316	1
dej	16317	12
del	16329	456
delan	16785	1
deleg	16786	2
delfin	16788	1
delg	16789	1
delgrès	16790	1
deliber	16791	1
delinqu	16792	1
delir	16793	1
delit	16794	1
delt	16795	1
demand	16796	1
demas	16797	1
demasi	16798	1
democraci	16799	1
democrat	16800	6
demograf	16806	28
demographic	16834	1
demoni	16835	1
demostr	16836	4
denomin	16840	3
dens	16843	2
densid	16845	12
density	16857	1
dent	16858	1
dentr	16859	17
departament	16876	30
departamental	16906	1
department	16907	1
depend	16908	5
dependenci	16913	1
dependent	16914	13
dependient	16927	5
deport	16932	29
deposit	16961	1
derech	16962	11
deriv	16973	2
derret	16975	2
derrot	16977	2
derroter	16979	1
derrumb	16980	1
des	16981	6
desambigu	16987	1
desaparec	16988	5
desaparicion	16993	1
desarroll	16994	18
descarg	17012	6
descart	17018	1
descendient	17019	5
descens	17024	2
descoloniz	17026	5
desconoc	17031	3
descontent	17034	1
describ	17035	1
descripcion	17036	1
descubiert	17037	7
descubr	17044	10
descubrimiento»	17054	1
desd	17055	71
dese	17126	3
desembarc	17129	5
desempeñ	17134	2
desempl	17136	1
desemple	17137	2
desercion	17139	1
desert	17140	1
desesper	17141	2
deshabilit	17143	1
deshabit	17144	10
deshac	17154	1
design	17155	10
desirad	17165	2
desnutricion	17167	2
despect	17169	1
desped	17170	1
despeg	17171	1
desplaz	17172	2
despreci	17174	4
desprend	17178	1
despues	17179	29
destac	17208	5
destin	17213	9
destru	17222	2
destructor	17224	1
details	17225	1
detall	17226	1
deterior	17227	1
determin	17228	2
detras	17230	3
detroit	17233	1
deud	17234	1
deutsch	17235	1
devast	17236	1
devocion	17237	1
devolv	17238	2
devonshir	17240	2
devuelt	17242	2
dex	17244	1
dfu	17245	1
di	17246	3
dia	17249	23
diabet	17272	1
diabl	17273	4
dialect	17277	1
diari	17278	17
dias	17295	7
diaz	17302	2
dic	17304	9
diccionari	17313	1
dich	17314	10
diciembr	17324	12
diecinuev	17336	1
diecioch	17337	1
diez	17338	3
diezm	17341	4
diferent	17345	3
dificil	17348	2
dificultad	17350	2
digicel	17352	2
dinamarc	17354	26
diner	17380	1
dio	17381	4
dion	17385	1
diplomat	17386	3
diput	17389	4
diqu	17393	1
direccion	17394	3
direct	17397	11
directiv	17408	1
director	17409	1
directorat	17410	1
directric	17411	1
directriz	17412	1
dirig	17413	8
discoveri	17421	1
discurs	17422	2
discusion	17424	2
diseñ	17426	1
disfrut	17427	1
disney	17428	1
disolu	17429	4
disolv	17433	2
dispon	17435	12
disposicion	17447	1
disput	17448	5
distanci	17453	3
distingu	17456	1
distint	17457	4
distrit	17461	7
disturbi	17468	1
div	17469	1
divers	17470	10
diversif	17480	1
divid	17481	3
divis	17484	1
division	17485	10
divulg	17495	1
dk	17496	1
dkk	17497	1
dobl	17498	1
document	17499	2
dog	17501	2
dol	17503	5
dolar	17508	6
dolfijn	17514	1
domest	17515	1
domin	17516	6
doming	17522	1
domini	17523	21
dominican	17544	5
dond	17549	19
donov	17568	1
dorsal	17569	1
dorset	17570	1
dos	17571	45
dot	17616	1
drag	17617	1
dragon	17618	1
drak	17619	4
drapeau	17623	1
druif	17624	1
du	17625	10
dud	17635	2
dulc	17637	1
dunc	17638	2
dur	17640	3
duracion	17643	1
durader	17644	1
durant	17645	41
during	17686	2
dushi	17688	1
dutch	17689	1
dutchnews	17690	1
dwayn	17691	1
dxpedition	17692	1
dykhoff	17693	1
e	17694	35
eagl	17729	4
east	17733	3
eastern	17736	1
easy	17737	1
ebanks	17738	1
ec	17739	1
ecocardiograf	17740	1
econom	17741	67
ecosistem	17808	1
ecuatorial	17809	2
ed	17811	2
edad	17813	6
edifici	17819	2
editorial	17821	2
educ	17823	15
edward	17838	8
ee	17846	1
ee.uu	17847	9
ee.uu.	17856	2
eels	17858	1
efect	17859	8
eficaz	17867	1
eijck	17868	1
eim	17869	1
eirik	17870	1
eismitt	17871	1
ejecu	17872	1
ejecut	17873	13
ejempl	17886	3
ejerc	17889	2
ejercici	17891	1
ejercit	17892	5
el	17897	983
elabor	18880	1
eleccion	18881	7
elect	18888	2
elector	18890	2
electr	18892	1
eleg	18893	12
elegi	18905	1
element	18906	2
elev	18908	7
elig	18915	2
elimin	18917	4
eliminatori	18921	1
ella	18922	5
ellas	18927	8
ellesmer	18935	1
ello	18936	6
ellos	18942	5
eman	18947	2
embarc	18949	2
embarg	18951	18
emerillon	18969	1
emigr	18970	5
emily	18975	1
emision	18976	4
emit	18980	1
emper	18981	1
empez	18982	1
empiez	18983	1
emple	18984	12
empleador	18996	3
employment	18999	1
empres	19000	6
en	19006	1041
encabez	20047	1
encaden	20048	1
encall	20049	2
encarg	20051	6
enciclopedi	20057	10
enclav	20067	1
encontr	20068	12
encuentr	20080	31
encuest	20111	1
encyclopedi	20112	1
end	20113	3
ende	20116	1
enduranc	20117	1
ene	20118	4
enebr	20122	1
enemig	20123	1
ener	20124	19
energ	20143	1
enfermed	20144	1
enfermedad	20145	2
enfoqu	20147	1
enfrent	20148	1
enfriamient	20149	1
englob	20150	1
enjuici	20151	1
enlac	20152	20
enmend	20172	1
enoks	20173	1
enorm	20174	3
enriqu	20177	1
enseñ	20178	2
entend	20180	1
enter	20181	1
enterr	20182	1
entid	20183	7
entonc	20190	8
entorn	20198	4
entrad	20202	3
entran	20205	1
entre	20206	48
entrevist	20254	1
entro	20255	1
entry	20256	1
envas	20257	1
envi	20258	13
episcopal	20271	2
epoc	20273	5
equip	20278	8
equipaj	20286	1
equival	20287	1
er	20288	4
era	20292	11
eran	20303	8
ergili	20311	1
eric	20312	1
erik	20313	2
eros	20315	1
es	20316	277
esa	20593	1
esas	20594	2
escal	20596	1
escandinavi	20597	1
escas	20598	1
escañ	20599	6
escenari	20605	1
esclav	20606	9
esclavitud	20615	8
esclaviz	20623	1
escoces	20624	1
escoci	20625	1
escog	20626	2
escond	20628	1
escorbut	20629	3
escrit	20632	2
escritor	20634	1
escuadr	20635	2
escud	20637	11
escuel	20648	15
escultor	20663	1
escultur	20664	1
ese	20665	9
esencial	20674	1
esfuerz	20675	2
esfum	20677	1
esos	20678	3
espaci	20681	1
espacial	20682	2
espald	20684	1
españ	20685	10
español	20695	48
especi	20743	2
especial	20745	14
especializ	20759	4
especif	20763	6
especific	20769	2
espect	20771	1
especul	20772	2
esper	20774	4
espes	20778	1
espin	20779	1
espiritus	20780	1
espos	20781	2
esquivel	20783	1
est	20784	5
esta	20789	102
estab	20891	9
establ	20900	1
establec	20901	27
estacion	20928	16
estad	20944	47
estadi	20991	4
estadist	20995	5
estadounidens	21000	23
estall	21023	3
estam	21026	1
estan	21027	20
estanc	21047	2
estandar	21049	2
estant	21051	2
estar	21053	4
estas	21057	9
estatal	21066	4
estatur	21070	1
estatus	21071	9
estatut	21080	4
este	21084	71
esteb	21155	3
estim	21158	14
estimul	21172	2
esto	21174	10
estof	21184	1
estoni	21185	1
estos	21186	9
estrag	21195	1
estrateg	21196	2
estrategi	21198	1
estrech	21199	4
estrell	21203	1
estrict	21204	10
estrident	21214	1
estructur	21215	2
estructural	21217	1
estudi	21218	3
estuv	21221	1
et	21222	3
etienn	21225	2
etimolog	21227	6
etni	21233	4
etnic	21237	3
etno-cultural	21240	1
eu	21241	1
eur	21242	6
europ	21248	13
europe	21261	35
eurovision	21296	1
eusd	21297	3
eustaqui	21300	1
eutelsat	21301	1
evacu	21302	3
evad	21305	1
evalu	21306	1
evangel	21307	4
evelyn	21311	1
event	21312	4
evit	21316	2
evolu	21318	3
ewart	21321	2
ex	21323	2
exced	21325	1
excedent	21326	1
excelent	21327	1
excepcion	21328	1
except	21329	3
exces	21332	1
exclus	21333	1
exclusion	21334	1
exent	21335	2
exhib	21337	3
exig	21340	1
exigent	21341	1
exili	21342	1
exim	21343	1
exist	21344	15
existent	21359	5
exit	21364	2
exitiend	21366	1
expand	21367	1
expansion	21368	1
expect	21369	1
expedicion	21370	11
expeditions	21381	1
experient	21382	3
experiment	21385	4
explic	21389	2
explicit	21391	1
explor	21392	10
explot	21402	5
export	21407	5
expres	21412	3
expuls	21415	2
expus	21417	1
exquemelin	21418	1
exquisit	21419	1
extend	21420	1
extens	21421	4
extension	21425	3
exterior	21428	7
extern	21435	22
extiend	21457	1
extra	21458	3
extra.	21461	1
extraccion	21462	2
extradicion	21464	1
extranjer	21465	19
extraterritorial	21484	3
extrem	21487	5
extremadur	21492	3
f	21495	2
f.	21497	1
f.c	21498	2
fabi	21500	1
fabric	21501	1
facil	21502	3
factbook	21505	5
factor	21510	2
factory	21512	1
falkland	21513	1
fall	21514	3
falt	21517	2
fam	21519	1
famili	21520	4
famos	21524	8
fantasm	21532	1
far	21533	9
faraday	21542	1
farer	21543	1
farm	21544	1
faro	21545	1
farrell	21546	1
fas	21547	2
fast	21549	1
fat	21550	1
favor	21551	3
favorec	21554	2
fc	21556	2
fe	21558	2
feb	21560	4
febrer	21564	12
fech	21576	11
feder	21587	5
federations	21592	1
felip	21593	2
feliz	21595	1
femenin	21596	1
ferguson	21597	1
feri	21598	1
fernandez	21599	2
ferri	21601	2
ferrocarril	21603	1
ferrys	21604	1
fert	21605	1
fertil	21606	1
fertiliz	21607	1
ferunt	21608	1
festiv	21609	2
festival	21611	3
ficcion	21614	1
fich	21615	1
fidedign	21616	2
fideicomis	21618	1
fidel	21619	1
fiebr	21620	1
fiest	21621	2
fif	21623	2
figur	21625	1
figurill	21626	1
fij	21627	3
filadelfi	21630	1
filatel	21631	1
filipin	21632	1
filmacion	21633	1
filon	21634	1
fin	21635	8
final	21643	17
finaliz	21660	1
financ	21661	4
financi	21665	2
financial	21667	1
financier	21668	16
finanz	21684	3
finlandi	21687	1
fiord	21688	3
firm	21691	6
first	21697	1
fiscal	21698	12
fiscal.»	21710	1
fisic	21711	2
fixalph	21713	10
fjord	21723	1
fleming	21724	1
flight	21725	1
flor	21726	2
florin	21728	4
flot	21732	1
flotador	21733	1
flotill	21734	2
fluvial	21736	1
fl£	21737	1
fm	21738	11
fmi	21749	2
foc	21751	1
folg	21752	1
fond	21753	9
fondeader	21762	1
fonet	21763	1
foodi	21764	1
foods	21765	1
football	21766	5
for	21771	9
foran	21780	1
form	21781	42
formacion	21823	4
formal	21827	8
formaliz	21835	1
formul	21836	2
forst	21838	1
fort	21839	2
fortalez	21841	2
fortif	21843	1
fortun	21844	3
forz	21847	1
fos	21848	1
fot	21849	4
fotograf	21853	3
found	21856	1
foundation	21857	10
fracas	21867	3
fragat	21870	1
fragment	21871	2
franc	21873	7
frances	21880	91
franci	21971	45
francis	22016	4
francisc	22020	9
francoguayanes	22029	2
franj	22031	1
franklin	22032	1
français	22033	2
françois	22035	2
frecuenci	22037	2
frecuent	22039	4
fredis	22043	1
fren	22044	1
french	22045	2
frenchm	22047	1
frent	22048	8
fresc	22056	3
fri	22059	3
friday	22062	1
frits	22063	2
frobish	22065	1
fronter	22066	9
fronteriz	22075	1
frut	22076	2
fue	22078	70
fueg	22148	2
fuent	22150	21
fuer	22171	3
fueron	22174	33
fuert	22207	9
fuertement	22216	2
fuerz	22218	10
funcion	22228	9
funcionari	22237	1
fund	22238	6
fundacion	22244	14
fundamental	22258	3
funds	22261	3
furgonet	22264	1
fusion	22265	2
fut-siet	22267	1
futbol	22268	25
futur	22293	4
g	22297	1
g.	22298	1
gabinet	22299	6
gafi	22305	1
gal	22306	2
galeon	22308	1
galibi	22309	1
gambo	22310	1
gan	22311	10
ganad	22321	2
gananci	22323	1
gao	22324	1
garantiz	22325	1
garc	22326	1
garz	22327	1
gas	22328	1
gast	22329	1
gastronom	22330	3
gat	22333	3
gate´s	22336	1
gazett	22337	4
gcm	22341	2
gdp	22343	1
gen	22344	1
gener	22345	2
general	22347	22
gent	22369	2
gentilici	22371	6
geograf	22377	37
geograph	22414	1
geographic	22415	5
geolog	22420	3
georg	22423	25
georgi	22448	56
georgia»	22504	1
gerent	22505	1
gerrard	22506	1
gerrit	22507	1
gestion	22508	5
get	22513	1
getting	22514	1
gf	22515	1
gigant	22516	3
gigantesc	22519	1
gl	22520	1
glaci	22521	2
glacial	22523	3
glaciar	22526	4
glaciers	22530	1
glamorg	22531	1
glob	22532	1
global	22533	2
gm	22535	1
gmt	22536	1
gobern	22537	36
gobi	22573	2
gobiern	22575	73
gobierno-empres	22648	1
gobiernukorsou	22649	1
god	22650	5
godthab	22655	1
goedgedrag	22656	3
goldm	22659	1
golet	22660	2
golf	22662	7
gombey	22669	1
gonzal	22670	1
good	22671	1
gote	22672	1
gottlieb	22673	1
gourmet	22674	1
gouverneur	22675	1
gov.ai	22676	1
government	22677	4
goz	22681	2
gozney	22683	2
grab	22685	1
graci	22686	3
grad	22689	4
gral	22693	1
gran	22694	50
grand	22744	17
grandcayman4u.com	22761	1
grande-ans	22762	1
grande-terr	22763	2
granel	22765	1
granj	22766	1
grass	22767	1
grav	22768	1
gre	22769	1
greci	22770	1
greenland	22771	4
gregory	22775	1
grill	22776	1
grip	22777	1
grl	22778	1
groenland	22779	1
groenlandes	22780	17
groenlandi	22797	82
grosor	22879	1
grot	22880	1
grott	22881	1
ground	22882	1
growth	22883	1
grup	22884	25
grytvik	22909	6
grønlands	22915	1
gs	22916	1
gsm	22917	2
guadalup	22919	49
guadalupan	22968	5
guadalupe_	22973	1
guadalupens	22974	1
guadeloup	22975	3
guan	22978	9
guard	22987	1
guardacost	22988	1
guardi	22989	1
guardian	22990	1
guarnicion	22991	10
guayan	23001	45
guayana_frances	23046	1
gubernamental	23047	1
guerr	23048	29
guerrer	23077	3
guf	23080	1
gui	23081	3
guian	23084	2
guid	23086	1
guie»	23087	1
guillerm	23088	1
guis	23089	1
gust	23090	1
gustav	23091	1
gustavi	23092	1
gutenberg.org	23093	1
gutierrez	23094	2
guyan	23096	10
guyanais	23106	2
guzman	23108	1
gwad	23109	1
görling	23110	1
h.	23111	1
ha	23112	54
hab	23166	39
hab./km²	23205	1
hab/km²	23206	10
habit	23216	43
habitual	23259	2
habl	23261	20
hac	23281	11
haci	23292	8
hait	23300	1
hall	23301	3
hallazg	23304	1
ham	23305	1
hambr	23306	1
hamilton	23307	6
han	23313	23
hans	23336	1
harbour	23337	1
harm	23338	1
harp	23339	1
harrison	23340	1
hast	23341	41
hat	23382	2
hath	23384	1
hav	23385	1
havoc	23386	1
hawai	23387	2
hay	23389	30
haywood	23419	1
hazañ	23420	1
he	23421	1
head	23422	1
headland	23423	1
hech	23424	8
hectar	23432	1
hedg	23433	1
hedwig	23434	1
hef	23435	1
hegesipp	23436	1
heights	23437	1
hem	23438	1
hemisferi	23439	2
henny	23441	1
hepatitis	23442	1
hered	23443	1
hereder	23444	1
herenci	23445	2
herman	23447	2
heterogene	23449	1
hic	23450	2
hidric	23452	1
hidroavion	23453	2
hidrolog	23455	1
hiel	23456	18
hierb	23474	1
higgins	23475	1
hij	23476	3
hilari	23479	1
himn	23480	10
hindu	23490	2
hip-hop	23492	3
hiperbar	23495	4
hipotet	23499	1
his	23500	2
hispan	23502	2
hispano-estadounidens	23504	1
hispanoantillan	23505	1
hispanoportugues	23506	1
histor	23507	6
histori	23513	39
historical	23552	2
history	23554	3
hit	23557	1
hiz	23558	3
hms	23561	1
ho	23562	1
hodson	23563	1
hog	23564	3
holand	23567	1
holandes	23568	10
holiday	23578	1
holland	23579	3
hombr	23582	11
hombre/muj	23593	1
hombres/muj	23594	3
hondur	23597	2
honnor	23599	1
honor	23600	6
hood	23606	1
hooiberg	23607	2
hor	23609	3
horari	23612	9
hornets	23621	1
hospital	23622	8
hostil	23630	2
hotel	23632	5
houston	23637	1
houël	23638	1
hoy	23639	7
http	23646	14
hub	23660	2
hubert	23662	1
huckl	23663	1
huert	23664	1
huertist	23665	1
huev	23666	1
huff	23667	1
hugh	23668	2
hulib	23670	1
human	23671	4
humboldt	23675	1
hume	23676	1
humed	23677	3
hund	23680	3
hundr	23683	1
huracan	23684	6
hus	23690	9
huyeron	23699	3
i	23702	7
i.e	23709	1
iber	23710	1
iberoamerican	23711	2
icc	23713	1
ice	23714	3
icebergs	23717	2
ident	23719	1
identific	23720	2
idh	23722	5
idiom	23727	43
if	23770	10
iglesi	23780	4
ignaci	23784	1
igual	23785	13
ii	23798	12
iii	23810	5
ilegal	23815	1
iles	23816	1
ilha	23817	1
illinois	23818	1
ilulissat	23819	1
ilustr	23820	1
imag	23821	5
imagen	23826	10
impact	23836	2
imped	23838	1
imper	23839	1
imperi	23840	1
imperial	23841	2
impid	23843	1
implic	23844	2
impon	23846	1
import	23847	45
important	23892	1
imposicion	23893	1
impres	23894	1
impresion	23895	2
imprim	23897	1
impuest	23898	6
impuls	23904	2
in	23906	8
inalambr	23914	2
inaugur	23916	1
inc.	23917	10
incapac	23927	1
incapaz	23928	1
incl	23929	1
inclu	23930	22
includ	23952	1
inclus	23953	2
inconvenient	23955	1
incorpor	23956	5
incre	23961	1
independent	23962	17
independient	23979	5
indi	23984	12
indias»	23996	1
indic	23997	11
indigen	24008	8
indigent	24016	1
indirect	24017	1
industri	24018	12
industrial	24030	1
inespecific	24031	2
inexistent	24033	1
inexplic	24034	1
infantil	24035	1
inferior	24036	2
infiern	24038	1
inflacion	24039	1
influenci	24040	7
inform	24047	22
informal	24069	1
infraestructur	24070	5
ing	24075	2
ingenier	24077	1
inglaterr	24078	10
ingles	24088	69
ingres	24157	15
inhabilit	24172	3
inic	24175	2
inici	24177	5
inicial	24182	1
inmedi	24183	1
inmediat	24184	3
inmigr	24187	12
inmigrantes/1.000	24199	1
inmobiliari	24200	2
innsbruck	24202	2
inscrib	24204	1
inscripcion	24205	1
inscrit	24206	1
insigni	24207	1
inspir	24208	3
instal	24211	13
instaur	24224	1
institu	24225	6
institut	24231	1
instruccion	24232	3
instructor	24235	1
insul	24236	8
integr	24244	5
integral	24249	1
intencion	24250	3
intent	24253	5
intercambi	24258	2
interes	24260	5
interferent	24265	1
interin	24266	1
interior	24267	7
intern	24274	4
internacional	24278	29
international	24307	4
internet	24311	23
interpret	24334	1
intertropical	24335	1
interval	24336	1
intrig	24337	1
introduc	24338	4
introduccion	24342	4
inuit	24346	8
inund	24354	1
inutil	24355	1
invad	24356	1
invalu	24357	1
inventari	24358	1
inversion	24359	2
inversor	24361	1
investig	24362	8
investment	24370	1
inviern	24371	1
invit	24372	1
ir	24373	2
irausquin	24375	2
ireland	24377	2
irland	24379	2
irlandes	24381	2
ironshor	24383	1
isabel	24384	5
isbn	24389	2
isla	24391	270
island	24661	8
islandi	24669	5
islands	24674	23
islas	24697	253
islas_caiman	24950	1
islas_georgias_del_sur_y_sandwich_del_sur	24951	1
isle	24952	1
islending	24953	1
islendingabok	24954	1
isleñ	24955	2
islot	24957	6
iso	24963	8
israel-emanuel	24971	1
issu	24972	1
it	24973	1
itali	24974	2
italian	24976	1
its	24977	1
iv	24978	1
ivan	24979	1
ivittuut	24980	1
izquierd	24981	1
j.	24982	1
jabalin	24983	1
jack	24984	1
jacob	24985	1
jacques-yv	24986	1
jaim	24987	1
jam	24988	8
jamaic	24996	11
jamaican	25007	1
jamanot	25008	2
jamas	25010	1
jamestown	25011	4
january	25015	3
janvi	25018	1
japon	25019	1
japones	25020	1
javascript	25021	3
jean	25024	1
jean-juliën	25025	1
jean-louis	25026	1
jef	25027	19
jehov	25046	2
jim	25048	1
joh	25049	1
john	25050	5
jon	25055	2
jongh-elhag	25057	1
jorg	25058	8
jos	25066	2
joseph	25068	2
josett	25070	1
joven	25071	2
joy	25073	1
jp	25074	1
juan	25075	10
juanch	25085	1
judi	25086	5
judicial	25091	2
juec	25093	1
jueg	25094	8
juev	25102	4
juez	25106	1
jug	25107	2
jugador	25109	11
jul	25120	4
juli	25124	10
julian	25134	1
july	25135	3
jun	25138	4
juni	25142	16
juniperus	25158	1
junt	25159	27
jur	25186	2
jurament	25188	1
jurisdiccion	25189	4
just	25193	1
justici	25194	1
juventud	25195	1
jørgen	25196	1
k.	25197	1
kalaallit	25198	2
kanal	25200	1
kangerlussuaq	25201	1
kangilinnguit	25202	1
kans	25203	1
karam	25204	1
karuker	25205	3
kcmg	25208	1
keith	25209	1
kerveg	25210	1
kilometr	25211	8
kindley	25219	1
king	25220	7
kingsal	25227	1
kingston	25228	1
kita	25229	1
klein	25230	1
kleist	25231	3
km	25234	23
km²	25257	52
knip	25309	1
konr	25310	1
korou	25311	1
korsou	25312	4
kourou	25316	2
krill	25318	2
krioy	25320	1
kristjansson	25321	1
kujalleq	25322	1
kulusuk	25323	1
kuupik	25324	3
ky	25327	1
kòrsou	25328	3
l'administration	25331	1
l'inini	25332	1
l'île	25333	2
l.	25335	1
la	25336	1375
labor	26711	4
laboral	26715	1
laboratori	26716	1
labour	26717	2
labrador	26719	3
lad	26722	1
lag	26723	1
lagun	26724	9
lamaison	26733	1
lamin	26734	1
lamp	26735	2
lanc	26737	1
lanch	26738	4
land	26742	1
landsdel	26743	1
langost	26744	3
lanz	26747	5
lanzador	26752	1
lanzamient	26753	1
laos	26754	1
laprensacur.com	26755	1
larg	26756	11
lars	26767	1
las	26768	536
latin	27304	3
latitud	27307	5
laur	27312	1
laurent	27313	2
law	27315	2
laz	27317	2
le	27319	22
lee	27341	10
leendert	27351	1
legal	27352	11
legati	27363	1
legisl	27364	20
legislatur	27384	1
legitimus	27385	1
leith	27386	1
lem	27387	6
lengu	27393	15
lenny	27408	1
lent	27409	1
lentisc	27410	1
leo	27411	1
leon	27412	1
les	27413	10
leskov	27423	4
lett	27427	1
levant	27428	2
leverock.el	27430	1
ley	27431	15
leyend	27446	4
liat	27450	1
liber	27451	4
libert	27455	2
libia-tunez	27457	1
libr	27458	18
licenci	27476	14
licenciatur	27490	1
licor	27491	1
licu	27492	1
lid	27493	6
lider	27499	1
lig	27500	9
lighthous	27509	1
limit	27510	17
limitrof	27527	1
lin	27528	3
line	27531	1
lions	27532	2
liri	27534	1
lis	27535	1
list	27536	4
litani	27540	1
literari	27541	1
litigi	27542	2
littl	27544	1
liv	27545	1
liveincuracao.com	27546	1
liverpool	27547	1
llam	27548	26
llan	27574	1
llanur	27575	1
lleg	27576	36
llen	27612	2
llev	27614	19
lloyd	27633	1
lluvi	27634	6
lo	27640	52
local	27692	26
localiz	27718	15
logist	27733	1
logr	27734	4
loi	27738	1
london	27739	1
londr	27740	2
longitud	27742	4
lord	27746	1
los	27747	468
losing	28215	1
louis	28216	2
lourd	28218	1
lov	28219	1
lover	28220	1
luch	28221	2
lucr	28223	10
lueg	28233	2
lufthans	28235	1
lug	28236	10
lugar	28246	7
lugareñ	28253	2
luis	28255	8
luj	28263	1
lun	28264	7
lusohabl	28271	1
luteran	28272	2
luz	28274	2
m	28276	20
m.	28296	2
m.r	28298	1
maart	28299	2
macap	28301	1
mad	28302	1
madeir	28303	1
mader	28304	1
madr	28305	6
madur	28311	2
maestr	28313	1
magallan	28314	1
magazin	28315	1
magistr	28316	1
magnet	28317	1
main	28318	1
maiz	28319	1
majest	28320	1
majesty	28321	1
majestys	28322	1
mal	28323	2
malez	28325	2
mall	28327	1
malliouhan	28328	2
malpic	28330	1
maluc	28331	1
malvin	28332	13
malvinens	28345	1
man	28346	11
mancomun	28357	2
mand	28359	5
mandat	28364	1
manej	28365	2
maner	28367	2
maniobr	28369	1
manoj	28370	1
mant	28371	1
manten	28372	7
mantien	28379	7
mantuv	28386	5
manual	28391	1
manuel	28392	3
manufactur	28395	1
map	28396	24
mapl	28420	1
mar	28421	43
maracaib	28464	1
marc	28465	13
march	28478	2
mares»	28480	1
marfil	28481	1
marg	28482	1
margarit	28483	3
margreth	28486	1
marie-gal	28487	2
marie-galant	28489	2
marigot	28491	2
marin	28493	16
mariner	28509	3
marisc	28512	1
mariscal	28513	1
maritim	28514	10
mark	28524	1
maroni	28525	3
marques	28528	2
marrons	28530	1
mart	28531	1
martin	28532	18
martinez	28550	2
maruin	28552	1
marz	28553	13
mas	28566	142
masculin	28708	2
mason	28710	1
massachusetts	28711	1
mastic	28712	1
mat	28713	2
match	28715	2
mate	28717	1
materi	28718	1
material	28719	1
matern	28720	1
matoury	28721	1
matthew	28722	1
matthijs	28723	1
maxim	28724	11
may	28735	18
mayor	28753	64
mayoritari	28817	3
mazatlan	28820	1
mckeev	28821	1
mecan	28822	1
med	28823	7
medi	28830	23
median	28853	1
mediant	28854	3
medic	28857	2
medicin	28859	3
mejor	28862	11
memb	28873	1
memorial	28874	2
men	28876	11
mencion	28887	4
mengu	28891	1
menor	28892	8
merc	28900	8
mercanc	28908	1
mercant	28909	2
mercantil	28911	2
meridional	28913	4
mes	28917	17
mestiz	28934	1
meteorolog	28935	4
metod	28939	5
metr	28944	8
metric	28952	1
metropoli	28953	1
metropolitains	28954	1
metropolitan	28955	1
mexic	28956	14
mexican	28970	17
mezcl	28987	7
mfk	28994	1
mi	28995	1
mia	28996	1
miami	28997	1
michael	28998	1
michel	28999	1
michell	29000	1
michoacan	29001	1
mid	29002	2
miembr	29004	28
mientr	29032	10
migracion	29042	1
miguel	29043	1
mik	29044	1
mikv	29045	1
mil	29046	8
milbrand	29054	1
milenari	29055	1
mileni	29056	1
milici	29057	1
milit	29058	13
militar	29071	5
mill	29076	3
millon	29079	13
min	29092	1
miner	29093	5
mineral	29098	1
minim	29099	8
ministr	29107	32
minor	29139	4
minut	29143	1
mirand	29144	2
mision	29146	2
mism	29148	14
misteri	29162	1
mit	29163	7
mixt	29170	1
mk	29171	1
mla	29172	1
mlb	29173	5
mm	29178	7
mod	29185	5
model	29190	3
modern	29193	1
modest	29194	1
modific	29195	2
modifie	29197	1
modul	29198	1
molesti	29199	1
moliend	29200	1
molusc	29201	1
moment	29202	4
monarc	29206	7
monarqu	29213	1
monasteri	29214	1
monday	29215	2
moned	29217	14
monetari	29231	3
monj	29234	1
monograf	29235	2
monopoli	29237	1
mont	29238	15
montagu	29253	2
montañ	29255	7
montesin	29262	2
montserrat	29264	1
mor	29265	4
morent	29269	1
morrell	29270	1
mors	29271	1
mortal	29272	2
mostr	29274	10
motiv	29284	3
motoniev	29287	1
motor	29288	1
movementu	29289	1
movibl	29290	1
movimient	29291	7
mri	29298	1
msnm	29299	1
much	29300	20
muchisim	29320	1
muell	29321	1
muer	29322	1
muert	29323	6
muertes/1.000	29329	2
muestr	29331	5
muindial	29336	1
muj	29337	2
mujer	29339	7
mulat	29346	1
multilingü	29347	1
multimedi	29348	9
multimillonari	29357	1
multinacional	29358	2
multiplic	29360	1
multirracial	29361	1
mund	29362	20
mundial	29382	21
mundo.tambien	29403	1
municipi	29404	8
mur	29412	1
muse	29413	4
music	29417	6
musulman	29423	1
mutual	29424	1
muy	29425	12
mv	29437	1
n	29438	5
n.d.	29443	2
n.f.-board	29445	1
n/d	29446	1
nac	29447	5
nacimient	29452	1
nacimientos/1.000	29453	1
nacimientos/muj	29454	1
nacion	29455	5
nacional	29460	32
nad	29492	1
nadi	29493	2
nam	29495	2
namur	29497	1
nanortalik	29498	1
napoleon	29499	4
naranj	29503	1
narsarsuaq	29504	1
nas	29505	2
natal	29507	1
natash	29508	1
nathional	29509	1
national	29510	6
nationaltrust	29516	1
nations	29517	1
nativ	29518	10
natural	29528	13
naturalez	29541	2
naufrag	29543	3
naufragi	29546	5
nav	29551	1
naval	29552	9
naveg	29561	35
navi	29596	2
navid	29598	1
navy	29599	2
nazi	29601	2
ncl	29603	1
neces	29604	2
necesari	29606	15
necesit	29621	9
nederland	29630	2
nederlands	29632	1
neerlandes	29633	66
neg	29699	1
negoci	29700	4
negr	29704	8
nelson	29712	1
net	29713	2
netherlands	29715	1
nev	29716	1
new	29717	6
newlands	29723	1
news	29724	5
nf	29729	1
nf-board.com	29730	1
ni	29731	6
nicl	29737	1
nicol	29738	5
niev	29743	6
nigel	29749	1
ningun	29750	19
nivel	29769	12
niñ	29781	7
no	29788	83
noch	29871	1
noir	29872	1
noirs	29873	1
nombr	29874	44
nombre»	29918	1
nominal	29919	7
noord	29926	3
nordgrønland	29929	1
nordic	29930	2
norest	29932	9
norm	29941	4
normal	29945	4
normat	29949	1
noroest	29950	6
nort	29956	34
norteamer	29990	2
norteamerican	29992	2
north	29994	2
norueg	29996	6
noruego-danes	30002	1
nos	30003	3
nos.nl	30006	1
nosfm.com	30007	1
not	30008	2
notabl	30010	2
notici	30012	8
notific	30020	1
nov	30021	4
noved	30025	1
novel	30026	1
novemb	30027	1
noventa»	30028	1
noviembr	30029	16
nucl	30045	2
nucle	30047	3
nuclear	30050	1
nuestr	30051	2
nuev	30053	36
numer	30089	11
nunaat	30100	1
nunarput	30101	1
nunat	30102	1
nunc	30103	5
nuuk	30108	11
nv	30119	1
n°	30120	1
nº1	30121	1
nº2	30122	1
o	30123	57
obam	30180	2
obedient	30182	1
objet	30183	7
oblig	30190	5
obra	30195	8
obras	30203	1
observ	30204	2
obstant	30206	1
obten	30207	17
obteng	30224	1
obtien	30225	2
obtuv	30227	4
ocasion	30231	7
occident	30238	1
occidental	30239	14
ocde	30253	4
oce	30257	2
ocean	30259	20
oceanic	30279	1
oceanograf	30280	1
ocho	30281	1
oct	30282	4
octob	30286	1
octubr	30287	16
ocular	30303	1
ocup	30304	15
ocurr	30319	2
oest	30321	17
of	30338	21
ofert	30359	1
off	30360	1
offic	30361	3
offlin	30364	10
offshor	30374	2
ofici	30376	3
oficial	30379	38
oficin	30417	4
ofrec	30421	11
ogi	30432	1
oil	30433	1
ojed	30434	1
ola	30435	2
olas	30437	1
oldid=60625721	30438	1
oldid=61032799	30439	1
oldid=61277013	30440	1
oldid=61293620	30441	1
oldid=61501231	30442	1
oldid=61536271	30443	1
oldid=61536602	30444	1
oldid=61637426	30445	1
oldid=61643172	30446	1
oldid=61650741	30447	1
ole	30448	1
oleaj	30449	1
olimp	30450	2
olimpi	30452	1
on	30453	4
once	30457	3
one	30460	1
onions	30461	1
onlin	30462	12
ontari	30474	1
onu	30475	1
oost	30476	1
opac	30477	1
opcion	30478	1
open	30479	2
oper	30481	27
oportun	30508	1
oposicion	30509	3
or	30512	1
oranj	30513	1
oranjest	30514	10
orbit	30524	1
orbits	30525	1
orden	30526	7
order	30533	1
organ	30534	4
organiz	30538	35
orient	30573	2
oriental	30575	5
orig	30580	12
origen	30592	2
original	30594	16
originari	30610	2
orinoc	30612	1
oro	30613	4
orob	30617	1
osbourn	30618	1
oscil	30619	1
oscur	30620	1
ose	30621	1
otan	30622	2
otorg	30624	7
otoñ	30631	1
otra	30632	11
otras	30643	14
otro	30657	2
otros	30659	36
ovej	30695	1
over	30696	1
overs	30697	3
owen	30700	2
oxigen	30702	1
p.	30703	2
p4a-p4z	30705	1
pabellon	30706	1
pacif	30707	7
pacific	30714	2
padec	30716	1
padr	30717	1
pag	30718	6
paget	30724	1
pagin	30725	25
pais	30750	81
pais/est	30831	2
paisaj	30833	6
pajar	30839	1
palabr	30840	1
palikour	30841	1
palm	30842	4
palmer	30846	4
pan	30850	2
panam	30852	1
panamax	30853	1
panamerican	30854	2
panhispan	30856	1
papiament	30857	42
par	30899	183
parader	31082	1
paradis	31083	1
paraguan	31084	1
parais	31085	5
paralel	31090	1
parametr	31091	4
paraquat	31095	1
parec	31096	1
park	31097	1
parlament	31098	17
parlamento/cam	31115	1
parqu	31116	8
parroquial	31124	1
part	31125	91
particip	31216	6
pas	31222	20
pasaj	31242	3
pasajer	31245	1
pasaport	31246	1
pascu	31247	1
pasion	31248	8
pasiv	31256	1
pass	31257	1
passion	31258	2
pastore	31260	1
patrimoni	31261	3
patrull	31264	2
patruller	31266	1
paul	31267	1
paulatin	31268	1
paviment	31269	2
pdf	31271	1
pdvsa	31272	1
pear	31273	2
peary	31275	1
pec	31276	1
peculi	31277	1
ped	31278	1
pedr	31279	7
peg	31286	3
pelop	31289	1
pembrok	31290	1
penal	31291	1
peninsul	31292	2
pens	31294	1
pensilvani	31295	1
pension	31296	1
pentecostal	31297	1
pentecostes	31298	1
peor	31299	1
pepys	31300	1
pequeñ	31301	36
per	31337	36
percy	31373	1
perd	31374	3
perec	31377	1
periferi	31378	1
period	31379	15
perjudicial	31394	1
permanec	31395	1
permanent	31396	9
permanezc	31405	1
permis	31406	12
permit	31418	8
permits	31426	1
pernoct	31427	1
perpetu	31428	2
perr	31430	2
perril	31432	1
persegu	31433	1
persigu	31434	1
person	31435	20
personaj	31455	1
personal	31456	3
persons	31459	1
pertenec	31460	8
pertenecient	31468	3
peru	31471	2
pes	31473	15
pesc	31488	14
pescador	31502	3
pesqu	31505	1
pesquer	31506	2
pet	31508	2
peterson	31510	1
petit	31511	2
petrel	31513	1
petrole	31514	6
petroler	31520	4
petrolifer	31524	2
pga	31526	1
philly	31527	1
phosphat	31528	1
phot	31529	1
piar	31530	2
pib	31532	15
pic	31547	3
pichegru	31550	1
pickersgill	31551	1
pickl	31552	1
pid	31553	1
pie	31554	1
piedr	31555	1
piens	31556	1
pies	31557	1
pilar	31558	2
pintur	31560	1
pioner	31561	1
pirat	31562	3
pis	31565	1
piscader	31566	1
piscifactor	31567	1
piscin	31568	1
pist	31569	1
pistol	31570	2
pittsburg	31572	1
piñ	31573	1
plac	31574	1
plan	31575	6
planet	31581	3
plant	31584	1
plantacion	31585	4
plat	31589	1
plataform	31590	3
play	31593	10
plaz	31603	2
plen	31605	4
plough	31609	1
plp	31610	1
pluvial	31611	1
plymouth	31612	1
pobl	31613	9
poblacion	31622	80
poblacional	31702	2
poblador	31704	5
poblamient	31709	1
poc	31710	10
pocahont	31720	1
pod	31721	32
poder	31753	3
podes	31756	10
podr	31766	12
poet	31778	1
point	31779	11
pointe-à-pitr	31790	1
pol	31791	1
polem	31792	1
polic	31793	4
policial	31797	3
polinesi	31800	4
polit	31804	54
politico-administr	31858	15
politico-econom	31873	1
poloni	31874	1
pon	31875	3
ponson	31878	1
popul	31879	12
popular	31891	3
populariz	31894	1
population	31895	4
population-statistics	31899	1
por	31900	302
porcentaj	32202	4
porcion	32206	1
porfiri	32207	2
porqu	32209	2
port	32211	10
portal	32221	4
portant	32225	1
portuari	32226	1
portugal	32227	5
portugues	32232	12
pos	32244	6
pose	32250	11
posesion	32261	8
posibil	32269	4
posibl	32273	3
posicion	32276	1
posit	32277	1
pospuest	32278	1
post	32279	1
post-gr	32280	1
postal	32281	11
posterior	32292	2
potabl	32294	1
potenci	32295	2
potencial	32297	1
powhat	32298	1
pp.	32299	1
ppm	32300	2
ppp	32302	1
pr	32303	1
practic	32304	12
pre	32316	1
pre-coloniz	32317	2
preci	32319	1
precios	32320	1
precipit	32321	6
precision	32327	1
precoloniz	32328	2
predomin	32330	2
preeminent	32332	1
prefect	32333	1
prefectur	32334	3
prefij	32337	8
premi	32345	2
premiership	32347	1
prend	32348	2
prens	32350	5
preocup	32355	2
preparatori	32357	1
preparatory	32358	1
pres	32359	1
presbiterian	32360	2
presenci	32362	5
present	32367	14
presid	32381	1
president	32382	12
presion	32394	2
press	32396	1
prest	32397	2
prestacion	32399	1
prestamo-arr	32400	1
presupuest	32401	1
previ	32402	5
previous	32407	1
prevision	32408	1
previst	32409	2
prickly	32411	2
prim	32413	36
primari	32449	4
primer	32453	28
princ	32481	2
princes	32483	1
princess	32484	1
principal	32485	120
principi	32605	10
prinsess	32615	1
prision	32616	3
prisioner	32619	2
priv	32621	7
probabl	32628	2
proc	32630	1
proced	32631	5
procedent	32636	6
procer	32642	1
proces	32643	12
proclam	32655	5
procr	32660	1
produc	32661	10
produccion	32671	6
product	32677	5
produjeron	32682	1
profes	32683	1
profesional	32684	2
profund	32686	4
program	32690	17
programs	32707	1
progres	32708	7
prohib	32715	1
promedi	32716	13
promontori	32729	1
promotor	32730	1
promuev	32731	1
promulg	32732	1
pronost	32733	1
pront	32734	2
propi	32736	15
propied	32751	3
propon	32754	1
proporcion	32755	5
proposicion	32760	2
proposit	32762	1
propriam	32763	1
propuest	32764	2
propus	32766	1
proscrit	32767	1
prospect	32768	1
prosper	32769	4
proteccion	32773	1
protector	32774	4
proteg	32778	3
protegat	32781	1
protest	32782	3
protestant	32785	1
proveedor	32786	4
provenient	32790	5
provien	32795	16
provinci	32811	2
provision	32813	9
provoc	32822	5
prox	32827	1
proxim	32828	5
proyect	32833	13
prueb	32846	4
ps	32850	1
pua	32851	1
public	32852	13
publishers	32865	1
pud	32866	3
puebl	32869	13
pued	32882	31
puent	32913	5
puert	32918	29
pues	32947	3
puest	32950	25
punt	32975	19
puritan	32994	1
pus	32995	3
python	32998	20
qaasuitsup	33018	2
qaqortoq	33020	2
qeqqat	33022	1
quadiriki	33023	1
quadrant	33024	1
quandus	33025	1
que	33026	393
qued	33419	15
quem	33434	1
qui	33435	14
quien	33449	3
quimic	33452	2
quimiquer	33454	1
quinc	33455	1
quinient	33456	1
quint	33457	3
quizas	33460	1
quo	33461	2
rac	33463	1
radham	33464	1
radi	33465	16
radiofon	33481	1
radiotelefon	33482	1
raf	33483	1
raic	33484	1
raleigh	33485	1
ram	33486	1
ramon	33487	3
rams	33490	1
rangers	33491	4
rank	33495	1
ranking	33496	1
rap	33497	4
rapid	33501	3
rapt	33504	1
rasg	33505	1
rastafari	33506	1
rastafaris	33507	1
rastr	33508	1
rat	33509	2
raul	33511	1
rav	33512	1
ray	33513	1
raz	33514	5
razon	33519	5
rcip	33524	1
re-eleccion	33525	1
reabastec	33526	1
reactor	33527	1
reafirm	33528	1
real	33529	16
realites	33545	1
realiz	33546	9
realment	33555	1
reaparec	33556	1
rebautiz	33557	1
rebel	33558	2
recaptur	33560	1
recepcion	33561	1
rechaz	33562	7
recib	33569	4
recien	33573	1
recient	33574	5
recl	33579	1
reclam	33580	15
recog	33595	2
recolector	33597	1
reconoc	33598	5
reconstru	33603	1
record	33604	3
records	33607	1
recort	33608	1
recreation	33609	2
recuerd	33611	1
recuest	33612	1
recuper	33613	3
recurr	33616	1
recurs	33617	9
red	33626	1
redaccion	33627	1
redact	33628	1
redescubiert	33629	2
redescubr	33631	1
reduc	33632	2
reemplaz	33634	2
reestablec	33636	1
refer	33637	1
referencias|bermud	33638	1
referencias|isl	33639	1
referend	33640	2
referendum	33642	10
referent	33652	26
refin	33678	7
refinery	33685	1
reflej	33686	1
reform	33687	3
refriger	33690	1
refugi	33691	7
refunjol	33698	1
regat	33699	1
regener	33700	2
regga	33702	1
regim	33703	1
regimen	33704	2
region	33706	33
regional	33739	8
regist	33747	1
register	33748	1
registr	33749	27
regl	33776	1
reglament	33777	1
regres	33778	4
regul	33782	6
regular	33788	3
reikiavik	33791	2
rein	33793	68
reintegr	33861	1
relacion	33862	16
relat	33878	3
relatif	33881	1
releg	33882	4
relevanc	33886	1
religion	33887	8
rem	33895	1
remembranc	33896	1
remes	33897	1
remire-montjoly	33898	1
remocion	33899	1
remont	33900	1
remot	33901	2
remuner	33903	1
rendon	33904	1
renov	33905	2
reorganiz	33907	1
repar	33908	1
repart	33909	1
repentin	33910	1
replant	33911	1
repobl	33912	1
report	33913	1
repost	33914	1
represent	33915	22
reprim	33937	1
reproduc	33938	1
reproductor	33939	6
republ	33945	13
republican	33958	2
requer	33960	3
requirements	33963	1
rescat	33964	3
reserv	33967	5
resid	33972	5
resident	33977	7
resistencia»	33984	1
resolution	33985	2
resolv	33987	1
reson	33988	1
resourc	33989	1
respect	33990	3
respons	33993	9
rest	34002	8
restablec	34010	1
restant	34011	3
restaur	34014	1
restrep	34015	1
result	34016	6
reten	34022	1
retin	34023	2
retir	34025	1
retras	34026	1
retuv	34027	1
reun	34028	3
revillagiged	34031	1
revision	34032	1
revist	34033	2
revoc	34035	1
revolu	34036	6
revolucion	34042	1
revolucionari	34043	2
revuelt	34045	1
rey	34046	8
reyn	34054	1
rfc	34055	1
riber	34056	1
ric	34057	6
richard	34063	4
richelieu	34067	1
richepans	34068	1
riesg	34069	1
rig	34070	2
rigsfællesskabet	34072	1
rigsombudsmand	34073	1
rio	34074	2
rios	34076	4
ritm	34080	1
riv	34081	1
rivièr	34082	1
rm	34083	1
roach	34084	1
rob	34085	1
robert	34086	1
roberts	34087	2
robespierr	34089	1
robin	34090	1
robinson	34091	1
roc	34092	7
roch	34099	3
roche»	34102	1
rock	34103	1
rocos	34104	1
rod	34105	2
roderick	34107	1
rodriguez	34108	1
rog	34109	1
rogoff	34110	1
roj	34111	4
rojo»	34115	1
rol	34116	1
rolf	34117	1
roll	34118	2
rollock	34120	1
rollov	34121	2
ron	34123	1
ronald	34124	1
roosevelt	34125	1
rotacion	34126	1
rotat	34127	1
round	34128	1
rovir	34129	2
row	34131	1
royal	34132	5
royals	34137	1
ru	34138	1
rudd	34139	1
rugby	34140	2
ruid	34142	1
rumber	34143	1
rumor	34144	1
russell	34145	1
rut	34146	5
s	34151	1
s.	34152	1
s.m	34153	4
s.xvi	34157	1
sab	34158	3
sac	34161	1
sacerdot	34162	1
sachs	34163	1
saenz	34164	1
sag	34165	1
saint	34166	17
saint-barthelemy	34183	2
saint-joseph	34185	1
saint-laurent-du-maroni	34186	2
saint-marcel	34188	2
saint-martin	34190	2
sal	34192	6
salari	34198	3
sale	34201	1
salin	34202	1
salt	34203	11
salud	34214	9
salut	34223	2
salv	34225	1
salvacion	34226	3
salvaj	34229	2
san	34231	40
sancion	34271	3
sandwich	34274	39
sandy	34313	2
sangri	34315	1
sant	34316	7
santillan	34323	1
saqu	34324	1
sargaz	34325	2
satelit	34327	7
satelital	34334	2
satellit	34336	2
satisfac	34338	1
saunders	34339	4
sav	34343	4
savanet	34347	1
savings	34348	1
says	34349	1
schoelch	34350	1
school	34351	2
schott	34353	2
schultz	34355	1
scoresby	34356	1
scoti	34357	3
scrub	34360	3
sdk	34363	1
se	34364	294
sea	34658	7
seal	34665	1
seas	34666	1
sec	34667	3
seccion	34670	6
second	34676	1
secret	34677	2
secretari	34679	1
sector	34680	12
secundari	34692	3
sed	34695	3
seduc	34698	1
seduj	34699	1
sefard	34700	4
segreg	34704	1
segu	34705	5
seguidor	34710	1
segun	34711	12
segund	34723	24
segur	34747	12
seis	34759	8
seix	34767	2
sejm	34769	1
seleccion	34770	13
sell	34783	10
selv	34793	5
selvat	34798	1
seman	34799	2
semanal	34801	1
semanari	34802	2
semej	34804	1
semi-final	34805	1
semiar	34806	2
sen	34808	2
senador	34810	2
send	34812	1
sender	34813	1
sent	34814	5
sentenci	34819	3
sentr	34822	1
sep	34823	5
separ	34828	17
separa/independiz	34845	1
separat	34846	1
separation	34847	1
septentrional	34848	4
septiembr	34852	15
sepult	34867	1
ser	34868	42
seran	34910	1
seri	34911	3
serl	34914	1
sermersooq	34915	1
serpient	34916	2
serv	34918	5
servants	34923	1
servers	34924	1
servic	34925	2
servici	34927	33
servidor	34960	1
set	34961	3
sev	34964	1
sever	34965	2
several	34967	1
sevill	34968	1
sex	34969	1
señal	34970	7
señor	34977	2
sgs	34979	1
sgssi	34980	1
shakespear	34981	1
sharpl	34982	1
sheet	34983	1
sheets	34984	1
shell	34985	1
shelton	34986	1
shet	34987	1
ship	34988	1
shoal	34989	4
shows	34993	1
si	34994	21
sid	35015	20
sidney	35035	1
siend	35036	21
sient	35057	1
siet	35058	6
sig	35064	7
sigl	35071	44
signif	35115	3
signific	35118	3
sigu	35121	1
siguient	35122	11
sigurður	35133	1
simbnoliz	35134	1
simi	35135	1
simil	35136	2
similar	35138	1
simon	35139	1
simpl	35140	1
simultane	35141	1
sin	35142	51
sinagog	35193	1
sinik	35194	2
siqu	35196	1
sir	35197	7
sirv	35204	4
sisimiut	35208	1
sismic	35209	1
sistem	35210	8
siti	35218	15
situ	35233	12
situacion	35245	1
siumut	35246	1
skip	35247	1
skiway	35248	1
slam	35249	1
slayton	35250	1
sloop	35251	1
slop	35252	1
smith	35253	1
smoot	35254	1
soberan	35255	9
sobr	35264	48
sobrepas	35312	2
sobreviv	35314	1
sobrevivient	35315	2
soci	35317	3
social	35320	5
socialdemocrat	35325	1
socialism	35326	1
socied	35327	6
sociedad	35333	2
socorr	35335	1
softbol	35336	1
sol	35337	31
sold	35368	3
solicit	35371	2
solucion	35373	2
sombrer	35375	2
somers	35377	11
somerset	35388	4
son	35392	98
song	35490	1
sop	35491	1
sopl	35492	1
soport	35493	2
sorprendent	35495	1
sorprendet	35496	10
sosten	35506	1
sotavent	35507	3
soufrièr	35510	1
south	35511	15
southampton	35526	1
southern	35527	1
spatial	35528	1
spe	35529	1
sports	35530	2
spot	35532	1
st.	35533	8
staatsregeling	35541	1
stak	35542	1
stand-alon	35543	1
standard	35544	1
stanley	35545	1
stat	35546	4
statistics	35550	2
statistics.com	35552	1
statistik	35553	1
statu	35554	1
status	35555	1
statut	35556	1
steff	35557	1
stingray	35558	1
stinson	35559	1
strachey	35560	1
strah	35561	1
strenght	35562	1
stuart	35563	1
study	35564	2
stuyvesant	35566	1
su	35567	141
sub	35708	1
subacuat	35709	2
subantarctic	35711	1
subdivid	35712	2
subdivision	35714	3
subduccion	35717	1
sublev	35718	2
submarin	35720	5
subprefect	35725	1
subsidi	35726	1
subsistent	35727	1
subst	35728	2
substancial	35730	1
subtropical	35731	1
suced	35732	2
sudamer	35734	3
sudamerican	35737	2
sudest	35739	5
sudoest	35744	1
sueci	35745	1
suel	35746	2
suert	35748	1
suficient	35749	2
sufr	35751	5
sufragi	35756	2
sugir	35758	2
sujet	35760	1
sum	35761	2
sumerg	35763	2
suministr	35765	1
summ	35766	1
summary	35767	1
summit	35768	1
sund	35769	1
sup	35770	1
super	35771	5
superfici	35776	24
superficial	35800	1
superior	35801	6
supervision	35807	5
supervivient	35812	9
suplant	35821	1
supon	35822	1
suprem	35823	2
suprim	35825	2
supuest	35827	2
sur	35829	115
suramer	35944	2
surc	35946	2
surest	35948	10
surfac	35958	1
surg	35959	3
surinam	35962	5
suroest	35967	3
suroriental	35970	1
survey	35971	3
surveys	35974	1
sus	35975	49
suspend	36024	1
sustancial	36025	1
sustitu	36026	3
sustitut	36029	1
sustrat	36030	1
swiss	36031	1
sylvest	36032	1
sögur	36033	1
t.	36034	1
tabac	36035	3
tabl	36038	2
tactic	36040	1
tahit	36041	1
tak	36042	1
tal	36043	4
taladr	36047	1
talbot	36048	1
tall	36049	3
tamañ	36052	3
tambien	36055	71
tampic	36126	2
tampoc	36128	1
tan	36129	2
tanki	36131	1
tanqu	36132	1
tant	36133	15
tar	36148	1
tard	36149	7
tare	36156	1
tarif	36157	3
tas	36160	9
taxis	36169	1
taylor	36170	2
tech	36172	1
tecnic	36173	4
tecnolog	36177	2
tecton	36179	1
tejup	36180	1
telecomun	36181	5
telecuracao.com	36186	1
telecuraça	36187	2
telefon	36189	7
telegraaf	36196	1
television	36197	1
tellez	36198	1
temperatur	36199	23
tempest	36222	1
templ	36223	1
tempor	36224	2
temporal	36226	2
tempran	36228	1
ten	36229	16
tend	36245	2
tendr	36247	2
tenes	36249	20
teng	36269	1
tenient	36270	2
tenis	36272	1
tentat	36273	1
ter	36274	1
terc	36275	4
tercer	36279	1
terci	36280	1
teres	36281	1
termin	36282	16
terminal	36298	1
terr	36299	2
terram	36301	1
terranov	36302	1
terre-de-b	36303	1
terre-de-haut	36304	2
terremot	36306	1
terren	36307	2
terrestr	36309	3
terribl	36312	1
territori	36313	76
territorial	36389	9
territory	36398	2
tesor	36400	2
testig	36402	2
testimoni	36404	1
tev	36405	1
tex	36406	1
text	36407	12
that	36419	1
the	36420	33
thick	36453	1
thom	36454	2
thorvaldsson	36456	1
thul	36457	7
thursday	36464	1
tibbetts	36465	1
tiburon	36466	1
tiemp	36467	9
tien	36476	45
tiend	36521	1
tierr	36522	21
tierra»	36543	1
tim	36544	2
tip	36546	6
tirz	36552	1
titanic	36553	1
title=anguila_	36554	1
title=arub	36555	1
title=bermud	36556	1
title=curaza	36557	1
title=groenlandi	36558	1
title=guadalupe_	36559	1
title=guayana_frances	36560	1
title=isla_clipperton	36561	1
title=islas_caiman	36562	1
title=islas_georgias_del_sur_y_sandwich_del_sur	36563	1
titul	36564	2
to	36566	6
tobag	36572	1
tod	36573	40
todav	36613	1
today	36614	1
toe	36615	1
tolworth	36616	1
tom	36617	7
tomlinson	36624	2
tonel	36626	2
top	36628	1
topograf	36629	2
topolobamp	36631	1
toponimi	36632	2
torment	36634	5
torne	36639	1
toront	36640	1
torr	36641	1
tortug	36642	1
total	36643	40
tour	36683	1
tourist	36684	1
town	36685	15
town.el	36700	1
tpm	36701	1
tra	36702	4
trab	36706	1
trabaj	36707	33
tradicion	36740	1
tradicional	36741	1
traduc	36742	1
trafalg	36743	1
tragedi	36744	1
traid	36745	1
traj	36746	2
trajeron	36748	1
transaccion	36749	1
transbord	36750	1
transfier	36751	1
transform	36752	2
transit	36754	1
transparent	36755	1
transport	36756	19
tras	36775	16
trasl	36791	1
traslad	36792	1
traspas	36793	3
trastorn	36796	1
trat	36797	7
tratamient	36804	1
trav	36805	3
travel	36808	2
traversay	36810	1
traves	36811	7
trb	36818	1
trec	36819	1
treint	36820	1
trends	36821	1
tres	36822	16
triangul	36838	5
tribus	36843	2
tribut	36845	1
trine	36846	1
trinid	36847	2
trinity	36849	1
tripul	36850	2
trojans	36852	1
trop	36853	1
tropic	36854	1
tropical	36855	7
trott	36862	1
trust	36863	5
trust.org	36868	1
trusts	36869	1
tsunami	36870	1
tu	36871	6
tuck	36877	1
tul	36878	3
tundr	36881	1
tunnel	36882	1
tunu	36883	1
turb	36884	1
turc	36885	1
turism	36886	22
turismo.l	36908	1
turist	36909	21
turtl	36930	1
turton	36931	1
tutorial	36932	10
tuv	36942	9
tv11	36951	2
tv11curacao.net	36953	1
tynwald	36954	1
u	36955	2
ubic	36957	12
ubs	36969	1
udp	36970	2
ue	36972	12
uitgav	36984	1
ultim	36985	20
ultram	37005	45
ultraperifer	37050	11
ultrason	37061	1
un	37062	277
una	37339	237
unas	37576	5
under	37581	1
unesc	37582	1
uni	37583	1
unic	37584	14
unicameral	37598	4
unid	37602	71
unidad	37673	2
unilateral	37675	1
union	37676	23
unirs	37699	1
unit	37700	4
univers	37704	11
universal	37715	2
universiteit	37717	1
university	37718	7
uno	37725	16
unos	37741	8
up	37749	2
upernavik	37751	1
upon	37752	1
urban	37753	2
urgent	37755	1
uriart	37756	1
uruguay	37757	1
us	37758	11
usa	37769	5
usab	37774	1
usad	37775	3
usand	37778	1
usar	37779	2
uso	37781	14
usos	37795	3
uss	37798	1
usuari	37799	10
utc	37809	10
utc-2	37819	1
utiliz	37820	8
utoqqarsuanngoravit	37828	1
uu	37829	1
va	37830	2
val	37832	1
vall	37833	4
valley	37837	1
valor	37838	6
van	37844	9
vapor	37853	1
var	37854	2
vari	37856	23
variability	37879	1
variacion	37880	1
varon	37881	1
vatican	37882	2
ve	37884	1
veans	37885	1
veas	37886	23
vec	37909	8
vecin	37917	2
veget	37919	7
vegetal	37926	1
vehicul	37927	1
vei	37928	1
veint	37929	1
veintidos	37930	1
veintis	37931	1
vel	37932	1
veler	37933	1
veloc	37934	2
vener	37936	1
venevision	37937	2
venevision.net	37939	1
venezolan	37940	4
venezuel	37944	21
vent	37965	2
ventaj	37967	1
ventur	37968	2
ver	37970	4
veran	37974	7
verd	37981	4
verdader	37985	1
verde»	37986	1
verdur	37987	2
vers	37989	1
version	37990	10
vespucci	38000	1
vest	38001	1
vestgrønland	38002	1
vestigi	38003	1
veterinari	38004	1
vez	38005	15
vi	38020	1
via	38021	1
viaj	38022	11
viajer	38033	2
vial	38035	1
vias	38036	1
vibrant	38037	1
vicari	38038	4
vicegobern	38042	4
vicent	38046	1
victim	38047	1
victor	38048	3
victori	38051	2
victorian	38053	2
vid	38055	5
vide	38060	4
videoconferent	38064	1
viej	38065	1
vien	38066	5
vient	38071	4
viern	38075	5
vieron	38080	1
vigenci	38081	1
vigesimo-sigl	38082	1
vigil	38083	1
vigor	38084	1
vih	38085	1
viii	38086	2
viking	38088	5
vill	38093	1
villag	38094	1
villuerc	38095	1
vin	38096	1
vindic	38097	1
vindication	38098	2
violacion	38100	1
violent	38101	1
virg	38102	2
virgen	38104	2
virgini	38106	6
virtud	38112	3
visages»	38115	1
visibl	38116	2
visit	38118	36
visokoi	38154	3
vist	38157	15
vital	38172	1
vitamin	38173	1
viv	38174	9
vol	38183	1
volc	38184	1
volcan	38185	7
vols	38192	1
volum	38193	1
volv	38194	5
von	38199	1
vot	38200	7
votacion	38207	2
votant	38209	3
voyag	38212	2
vuel	38214	10
vuelc	38224	1
vuelt	38225	4
w	38229	1
w.	38230	3
waether.	38233	1
waiampi	38234	1
walbeeck	38235	1
wallblak	38236	1
walt	38237	1
wanderers	38238	1
warriors	38239	3
washington	38242	5
wayan	38247	2
weath	38249	5
weatherb	38254	4
web	38258	12
websit	38270	1
webst	38271	1
week	38272	1
welcom	38273	1
well	38274	1
west	38275	3
western	38278	1
westminst	38279	1
whit	38280	1
whitehall	38281	1
wikcionari	38282	6
wikimedi	38288	24
wikinotici	38312	4
wikipedi	38316	66
wikipedia®	38382	10
wikitravel	38392	1
willem	38393	2
willemst	38395	8
william	38403	4
willis	38407	1
window.ismsie55	38408	10
windsurfing	38418	1
with	38419	1
wolv	38420	1
work	38421	1
world	38422	9
worldstatesm	38431	1
wyck	38432	1
x	38433	1
x-ray	38434	1
x-roads	38435	1
x.º	38436	2
xcd	38438	1
xi	38439	1
xiv	38440	2
xix	38442	7
xv	38449	1
xvi	38450	3
xvii	38453	5
xviii	38458	3
xx	38461	9
xxi	38470	2
y	38472	672
ya	39144	17
yacimient	39161	1
yank	39162	1
year	39163	1
yearbook—t	39164	1
years	39165	1
year’s	39166	1
york	39167	6
yorktown	39173	1
you	39174	1
young	39175	1
youtub	39176	2
yslas	39178	2
z86	39180	1
zafr	39181	1
zavodovski	39182	4
zebr	39186	1
zelay	39187	1
zinc	39188	1
zon	39189	21
zuid	39210	1
{	39211	4
|	39215	10
}	39225	4
~100	39229	1
~~~~	39230	2
¡aprend	39232	10
«	39242	49
«a	39291	1
«caps»	39292	1
«defiend	39293	1
«dispon	39294	1
«east	39295	1
«el	39296	2
«erik	39298	1
«fuerz	39299	1
«grønland»	39300	1
«isl	39301	1
«ju	39302	1
«la	39303	2
«narr	39305	1
«no	39306	1
«piñ	39307	1
«sueños»	39308	1
«tierr	39309	1
°c	39310	27
±	39337	3
²	39340	3
¹	39343	1
»	39344	48
¿problem	39392	1
à	39393	1
île	39394	5
îles	39399	4
ña	39403	1
ñam	39404	1
østgrønland	39405	1
þorgilsson	39406	1
‎gentilici	39407	2
–	39409	2
—	39411	1
‘	39412	3
’	39415	1
“	39416	1
•	39417	88
€	39505	1
↑	39506	88
−8	39594	2
≥	39596	3
﻿	39599	60
